1 0.96328125 0.203125 0.0734375 0.15625
1 0.94765625 0.3515625 0.1046875 0.16875
1 0.7296875 0.4109375 0.07890625 0.0873046875
1 0.45390625 0.4265625 0.1484375 0.15
1 0.8234375 0.43359375 0.1412109375 0.1388671875
1 0.9796875 0.4484375 0.040625 0.128125
1 0.35859375 0.47265625 0.148046875 0.148828125
1 0.67109375 0.4734375 0.148828125 0.1376953125
1 0.56640625 0.4890625 0.1365234375 0.155859375
1 0.47734375 0.521875 0.0916015625 0.0724609375
1 0.7234375 0.525 0.1431640625 0.152734375
1 0.33046875 0.53828125 0.123046875 0.123828125
1 0.62421875 0.58984375 0.1416015625 0.114453125
1 0.4390625 0.61640625 0.168359375 0.165625
1 0.2875 0.6453125 0.1337890625 0.1525390625