1 0.425 0.14296875 0.231640625 0.244921875
1 0.25 0.24765625 0.240234375 0.251953125
1 0.0875 0.28515625 0.175 0.2109375
1 0.4953125 0.3296875 0.237109375 0.2244140625
1 0.88671875 0.3453125 0.2265625 0.2375
1 0.1609375 0.39921875 0.2275390625 0.2142578125
1 0.684375 0.403125 0.2345703125 0.2369140625
1 0.9109375 0.475 0.178125 0.1375
1 0.309375 0.5203125 0.1974609375 0.2119140625
1 0.53046875 0.5390625 0.238671875 0.234765625
1 0.22265625 0.5546875 0.1365234375 0.143359375
1 0.7953125 0.5703125 0.2435546875 0.2162109375
1 0.64375 0.653125 0.2029296875 0.18203125
1 0.521875 0.83828125 0.219140625 0.223046875
1 0.33125 0.86796875 0.21171875 0.2328125
1 0.16796875 0.9234375 0.1421875 0.153125
1 0.64140625 0.98203125 0.1296875 0.0359375