1 0.425 0.14296875 0.230859375 0.242578125
1 0.25 0.24765625 0.21796875 0.23125
1 0.0859375 0.28515625 0.171875 0.2046875
1 0.4953125 0.3296875 0.24140625 0.2306640625
1 0.8828125 0.3453125 0.234375 0.253125
1 0.1609375 0.39921875 0.2306640625 0.2173828125
1 0.684375 0.403125 0.2318359375 0.2345703125
1 0.9109375 0.47578125 0.178125 0.1390625
1 0.309375 0.5203125 0.1966796875 0.2099609375
1 0.53046875 0.5390625 0.226953125 0.22265625
1 0.22265625 0.5546875 0.1396484375 0.146484375
1 0.7953125 0.5703125 0.2470703125 0.2212890625
1 0.64375 0.653125 0.2037109375 0.184375
1 0.521875 0.83828125 0.20703125 0.2109375
1 0.33125 0.86796875 0.203515625 0.2265625
1 0.16796875 0.9234375 0.1421875 0.153125
1 0.64140625 0.97890625 0.1296875 0.0421875