1 0.38125 0.03359375 0.215625 0.0671875
1 0.4 0.39296875 0.228125 0.1453125
1 0.91484375 0.5078125 0.1703125 0.228125
1 0.5421875 0.515625 0.234765625 0.2474609375
1 0.32109375 0.53359375 0.251171875 0.248828125
1 0.16640625 0.56015625 0.2353515625 0.276171875
1 0.02578125 0.06171875 0.0515625 0.1234375
1 0.85703125 0.6453125 0.235546875 0.208984375
1 0.396875 0.6859375 0.278125 0.2185546875
1 0.60234375 0.703125 0.1927734375 0.2306640625
1 0.23125 0.7703125 0.268359375 0.2181640625
1 0.8234375 0.79296875 0.2681640625 0.2517578125
1 0.6703125 0.81875 0.19609375 0.2380859375
1 0.96796875 0.83046875 0.0640625 0.2453125
1 0.88515625 0.91796875 0.2109375 0.1640625
1 0.5203125 0.14140625 0.2537109375 0.2359375
1 0.0828125 0.2078125 0.165625 0.271875