1 0.70078125 0.0265625 0.051171875 0.04765625
1 0.528125 0.27578125 0.1375 0.1611328125
1 0.35390625 0.334375 0.1205078125 0.1431640625
1 0.4 0.4015625 0.1462890625 0.191015625
1 0.28984375 0.4328125 0.1169921875 0.1533203125
1 0.56875 0.44453125 0.121875 0.169921875
1 0.628125 0.446875 0.06796875 0.146875
1 0.7875 0.5015625 0.1162109375 0.1193359375
1 0.49375 0.50234375 0.1162109375 0.186328125
1 0.3734375 0.5265625 0.122265625 0.14375
1 0.62578125 0.5359375 0.054296875 0.0619140625
1 0.790625 0.58984375 0.11328125 0.1384765625
1 0.68984375 0.60703125 0.1080078125 0.1326171875
1 0.63203125 0.61328125 0.059375 0.1138671875
1 0.4515625 0.62265625 0.13515625 0.1822265625
1 0.54609375 0.625 0.089453125 0.146484375
1 0.796875 0.6875 0.109765625 0.1244140625
1 0.7078125 0.71875 0.11015625 0.125390625
1 0.6375 0.73125 0.07578125 0.118359375
1 0.81953125 0.95625 0.1390625 0.0875