1 0.015625 0.11484375 0.03125 0.0671875
1 0.9265625 0.17578125 0.146875 0.1703125
1 0.14375 0.21953125 0.1505859375 0.1853515625
1 0.04921875 0.23359375 0.0984375 0.2078125
1 0.75546875 0.2421875 0.1517578125 0.22109375
1 0.62578125 0.275 0.151171875 0.1783203125
1 0.21796875 0.32421875 0.1453125 0.161328125
1 0.78515625 0.4015625 0.1392578125 0.18125
1 0.65703125 0.41484375 0.148046875 0.1603515625
1 0.21953125 0.421875 0.1359375 0.141015625
1 0.03046875 0.0453125 0.0609375 0.090625
1 0.62578125 0.51953125 0.053125 0.089453125
1 0.56171875 0.55546875 0.1044921875 0.1609375
1 0.784375 0.61015625 0.1435546875 0.148046875
1 0.66328125 0.621875 0.1298828125 0.1712890625
1 0.48515625 0.63125 0.073828125 0.096484375
1 0.5375 0.69453125 0.12578125 0.1384765625
1 0.86171875 0.69609375 0.1072265625 0.1146484375
1 0.6390625 0.70390625 0.087109375 0.1021484375
1 0.7421875 0.75703125 0.1470703125 0.1388671875
1 0.64921875 0.81640625 0.0890625 0.1388671875
1 0.5765625 0.83515625 0.140625 0.15
1 0.728125 0.86640625 0.11953125 0.1576171875
1 0.575 0.92109375 0.108984375 0.1134765625
1 0.67109375 0.93359375 0.1232421875 0.1296875
1 0.6171875 0.9703125 0.059375 0.059375