1 0.5359375 0.91171875 0.0498046875 0.0732421875
1 0.565625 0.9484375 0.0494140625 0.062890625
1 0.2859375 0.2859375 0.0693359375 0.1068359375
1 0.52734375 0.2890625 0.0765625 0.1
1 0.2203125 0.31015625 0.07109375 0.1111328125
1 0.44453125 0.35234375 0.0828125 0.11875
1 0.33515625 0.36328125 0.0828125 0.109375
1 0.5140625 0.365625 0.07734375 0.115234375
1 0.64296875 0.38515625 0.0580078125 0.0794921875
1 0.22578125 0.38671875 0.070703125 0.057421875
1 0.5515625 0.390625 0.05390625 0.097265625
1 0.39765625 0.40859375 0.0732421875 0.1166015625
1 0.14140625 0.42578125 0.0666015625 0.0984375
1 0.48359375 0.4375 0.0673828125 0.0908203125
1 0.3125 0.43984375 0.08046875 0.1080078125
1 0.69609375 0.48203125 0.048828125 0.0767578125
1 0.6109375 0.48671875 0.06640625 0.1009765625
1 0.53125 0.4953125 0.0814453125 0.116015625
1 0.46171875 0.4984375 0.0642578125 0.0560546875
1 0.40234375 0.50546875 0.073828125 0.1052734375
1 0.65390625 0.51953125 0.0490234375 0.0861328125
1 0.8015625 0.52421875 0.0556640625 0.0669921875
1 0.33828125 0.54453125 0.08125 0.1166015625
1 0.459375 0.55546875 0.06328125 0.1107421875
1 0.73671875 0.5765625 0.0578125 0.084375
1 0.4015625 0.596875 0.0751953125 0.099609375
1 0.55078125 0.59765625 0.0611328125 0.06875
1 0.484375 0.603125 0.0685546875 0.0998046875
1 0.625 0.6234375 0.0462890625 0.0775390625
1 0.70546875 0.6328125 0.066796875 0.096875
1 0.35546875 0.64296875 0.0697265625 0.103125
1 0.52734375 0.65 0.0546875 0.0751953125
1 0.7484375 0.65078125 0.043359375 0.069921875
1 0.65546875 0.67265625 0.0642578125 0.1041015625
1 0.58359375 0.68515625 0.0451171875 0.0673828125
1 0.509375 0.69375 0.0505859375 0.0568359375
1 0.703125 0.7 0.0599609375 0.069140625
1 0.77890625 0.70625 0.04375 0.0755859375
1 0.64140625 0.7234375 0.065625 0.0724609375
1 0.81796875 0.7375 0.0576171875 0.0724609375
1 0.7671875 0.75625 0.05234375 0.0533203125