1 0.91328125 0.17890625 0.0388671875 0.0453125
1 0.9484375 0.18984375 0.0375 0.046875
1 0.97890625 0.0203125 0.0421875 0.040625
1 0.74453125 0.3 0.0576171875 0.078125
1 0.94375 0.03203125 0.0625 0.0640625
1 0.490625 0.30859375 0.06328125 0.0896484375
1 0.80625 0.3109375 0.062109375 0.08125
1 0.275 0.3140625 0.06328125 0.0912109375
1 0.5484375 0.3140625 0.0658203125 0.1095703125
1 0.334375 0.34140625 0.043359375 0.073046875
1 0.0984375 0.35625 0.07890625 0.103515625
1 0.89375 0.371875 0.062890625 0.084375
1 0.80234375 0.3921875 0.0603515625 0.0900390625
1 0.58828125 0.40703125 0.0697265625 0.10625
1 0.53125 0.409375 0.07421875 0.0998046875
1 0.86875 0.43046875 0.055859375 0.0765625
1 0.0765625 0.4375 0.07734375 0.0962890625
1 0.47578125 0.46328125 0.061328125 0.09375
1 0.225 0.46640625 0.0900390625 0.113671875
1 0.790625 0.46875 0.0501953125 0.083984375
1 0.825 0.47578125 0.0689453125 0.0951171875
1 0.34453125 0.478125 0.0703125 0.096875
1 0.1328125 0.4828125 0.066015625 0.1193359375
1 0.15546875 0.51875 0.0708984375 0.097265625
1 0.58515625 0.521875 0.0736328125 0.108984375
1 0.48203125 0.546875 0.061328125 0.0873046875
1 0.26640625 0.5671875 0.0427734375 0.07265625
1 0.325 0.58125 0.06875 0.078125
1 0.14140625 0.584375 0.08125 0.0943359375
1 0.22109375 0.59765625 0.071875 0.1134765625
1 0.34921875 0.61953125 0.0603515625 0.0919921875
1 0.203125 0.6734375 0.0505859375 0.056640625
1 0.9890625 0.071875 0.021875 0.08125
1 0.7296875 0.759375 0.062109375 0.0908203125
1 0.675 0.78359375 0.06875 0.0765625
1 0.64375 0.815625 0.041015625 0.0650390625
1 0.8078125 0.8453125 0.083984375 0.10234375
1 0.740625 0.8609375 0.0625 0.1095703125
1 0.68125 0.86484375 0.06796875 0.1107421875
1 0.3859375 0.90703125 0.05 0.073046875
1 0.54375 0.91875 0.0626953125 0.10078125
1 0.5984375 0.93125 0.062109375 0.0849609375
1 0.8203125 0.93125 0.06484375 0.100390625
1 0.35703125 0.946875 0.0423828125 0.0662109375
1 0.75859375 0.9515625 0.0765625 0.096875
1 0.959375 0.09609375 0.0501953125 0.0765625
1 0.03515625 0.959375 0.0703125 0.08125
1 0.3140625 0.96796875 0.03359375 0.051171875
1 0.3484375 0.98671875 0.040625 0.0265625
1 0.971875 0.1421875 0.05625 0.078125