1 0.91328125 0.17890625 0.0416015625 0.048046875
1 0.9484375 0.18984375 0.040234375 0.048828125
1 0.97890625 0.0203125 0.0421875 0.040625
1 0.74453125 0.3 0.0615234375 0.08125
1 0.94296875 0.03125 0.0578125 0.0625
1 0.490625 0.30859375 0.06328125 0.0896484375
1 0.80625 0.3109375 0.068359375 0.08515625
1 0.275 0.3140625 0.068359375 0.0939453125
1 0.5484375 0.3140625 0.0689453125 0.1119140625
1 0.334375 0.34140625 0.040234375 0.070703125
1 0.0984375 0.35625 0.075 0.100390625
1 0.89375 0.371875 0.062890625 0.084375
1 0.80234375 0.3921875 0.0548828125 0.0873046875
1 0.58828125 0.40703125 0.0673828125 0.105078125
1 0.53125 0.409375 0.071484375 0.0994140625
1 0.86875 0.43046875 0.055859375 0.0765625
1 0.0765625 0.4375 0.069140625 0.0908203125
1 0.47578125 0.46328125 0.063671875 0.094921875
1 0.225 0.46640625 0.0845703125 0.1109375
1 0.790625 0.46875 0.0439453125 0.080859375
1 0.825 0.47578125 0.0599609375 0.0896484375
1 0.34453125 0.478125 0.079296875 0.102734375
1 0.1328125 0.4828125 0.069140625 0.1212890625
1 0.15546875 0.51875 0.0736328125 0.099609375
1 0.58515625 0.521875 0.0708984375 0.10703125
1 0.48203125 0.546875 0.060546875 0.0869140625
1 0.26640625 0.5671875 0.0392578125 0.071875
1 0.325 0.58125 0.065234375 0.074609375
1 0.14140625 0.584375 0.085546875 0.0974609375
1 0.22109375 0.59765625 0.073828125 0.1142578125
1 0.34921875 0.61953125 0.0642578125 0.0947265625
1 0.203125 0.6734375 0.0537109375 0.059375
1 0.9890625 0.071875 0.021875 0.08125
1 0.7296875 0.759375 0.06640625 0.0939453125
1 0.675 0.78359375 0.062890625 0.071875
1 0.64375 0.815625 0.04296875 0.0654296875
1 0.8078125 0.8453125 0.08125 0.1
1 0.740625 0.8609375 0.069140625 0.1130859375
1 0.68125 0.86484375 0.074609375 0.1138671875
1 0.3859375 0.90703125 0.050390625 0.0734375
1 0.54375 0.91875 0.0689453125 0.103515625
1 0.5984375 0.93125 0.06875 0.0904296875
1 0.8203125 0.93125 0.065234375 0.10078125
1 0.35703125 0.946875 0.0419921875 0.0662109375
1 0.75859375 0.9515625 0.0765625 0.096875
1 0.959375 0.09609375 0.0501953125 0.0765625
1 0.0359375 0.959375 0.071875 0.08125
1 0.3140625 0.96796875 0.034765625 0.0515625
1 0.34921875 0.98828125 0.0392578125 0.0234375
1 0.9734375 0.1421875 0.053125 0.075