1 0.63125 0.690625 0.0404296875 0.033984375
1 0.428125 0.7 0.0412109375 0.0216796875
1 0.1359375 0.7078125 0.0623046875 0.050390625
1 0.05 0.71171875 0.065234375 0.042578125
1 0.09453125 0.7328125 0.0576171875 0.0466796875
1 0.0328125 0.7359375 0.0474609375 0.0314453125
1 0.13828125 0.73828125 0.0458984375 0.0353515625
1 0.06640625 0.7453125 0.0365234375 0.025
1 0.18125 0.77578125 0.034375 0.0302734375
1 0.8109375 0.79296875 0.0220703125 0.0208984375
1 0.7296875 0.80546875 0.027734375 0.0171875
1 0.50078125 0.8171875 0.0482421875 0.037890625
1 0.89609375 0.81796875 0.0375 0.0333984375
1 0.28671875 0.82890625 0.0544921875 0.0396484375
1 0.9171875 0.83125 0.0279296875 0.0279296875
1 0.934375 0.84296875 0.027734375 0.0265625
1 0.90859375 0.84765625 0.0322265625 0.026953125
1 0.1640625 0.8765625 0.047265625 0.047265625
1 0.14375 0.8921875 0.0251953125 0.0251953125
1 0.6328125 0.93828125 0.0224609375 0.0267578125
1 0.878125 0.95703125 0.0220703125 0.023828125
1 0.6171875 0.13515625 0.053515625 0.048828125
1 0.38828125 0.14453125 0.0333984375 0.03125
1 0.5625 0.015625 0.0625 0.03125
1 0.3328125 0.15625 0.0400390625 0.03203125
1 0.64296875 0.1578125 0.0552734375 0.046875
1 0.54453125 0.175 0.0611328125 0.0505859375
1 0.59140625 0.1765625 0.0673828125 0.0474609375
1 0.49921875 0.1796875 0.0611328125 0.05390625
1 0.44375 0.18046875 0.0318359375 0.0232421875
1 0.61875 0.1921875 0.0587890625 0.04609375
1 0.7375 0.203125 0.0400390625 0.034375
1 0.77421875 0.2234375 0.023828125 0.028515625
1 0.525 0.228125 0.0560546875 0.0435546875
1 0.46484375 0.23203125 0.0482421875 0.045703125
1 0.790625 0.23828125 0.0287109375 0.0291015625
1 0.3296875 0.26640625 0.03125 0.023046875
1 0.58046875 0.2703125 0.0615234375 0.0533203125
1 0.540625 0.2734375 0.043359375 0.0408203125
1 0.65390625 0.28359375 0.0517578125 0.046875
1 0.83125 0.30234375 0.031640625 0.023046875
1 0.88203125 0.30546875 0.0330078125 0.029296875
1 0.55703125 0.03046875 0.0671875 0.0455078125
1 0.42734375 0.3125 0.0236328125 0.030859375
1 0.41171875 0.3203125 0.033203125 0.0314453125
1 0.88125 0.3203125 0.021875 0.0154296875
1 0.6671875 0.3578125 0.0470703125 0.027734375
1 0.553125 0.36171875 0.0505859375 0.0365234375
1 0.62734375 0.37578125 0.0572265625 0.0421875
1 0.5796875 0.38359375 0.028125 0.025
1 0.66015625 0.3859375 0.026953125 0.0185546875
1 0.66796875 0.415625 0.0416015625 0.0369140625
1 0.39296875 0.04296875 0.1078125 0.0859375
1 0.78125 0.4234375 0.03203125 0.025390625
1 0.9859375 0.42578125 0.0279296875 0.0296875
1 0.72734375 0.42578125 0.029296875 0.026171875
1 0.71484375 0.4515625 0.032421875 0.031640625
1 0.790625 0.4578125 0.03203125 0.027734375
1 0.8171875 0.5125 0.0287109375 0.027734375
1 0.5671875 0.525 0.0275390625 0.021875
1 0.6484375 0.5296875 0.0283203125 0.02265625
1 0.98046875 0.56484375 0.0353515625 0.0267578125
1 0.61328125 0.565625 0.0353515625 0.027734375
1 0.41796875 0.56796875 0.0353515625 0.0232421875
1 0.59765625 0.578125 0.0208984375 0.0193359375
1 0.55859375 0.5796875 0.021875 0.0189453125
1 0.478125 0.5796875 0.03828125 0.0369140625
1 0.2125 0.5859375 0.0189453125 0.01640625
1 0.42578125 0.609375 0.029296875 0.0306640625
1 0.40546875 0.6140625 0.0326171875 0.025
1 0.32421875 0.634375 0.0234375 0.021484375
1 0.06015625 0.6609375 0.064453125 0.0470703125