1 0.646875 0.378125 0.1875 0.18203125
1 0.81171875 0.38984375 0.1576171875 0.1392578125
1 0.31640625 0.41171875 0.2083984375 0.2013671875
1 0.5796875 0.46328125 0.15625 0.1365234375
1 0.2015625 0.49296875 0.1587890625 0.1357421875
1 0.88671875 0.5234375 0.15625 0.1744140625
1 0.73984375 0.5453125 0.190625 0.181640625
1 0.421875 0.553125 0.203515625 0.1943359375
1 0.23671875 0.60703125 0.1791015625 0.1958984375
1 0.9015625 0.625 0.1251953125 0.1193359375
1 0.0828125 0.63203125 0.165625 0.2046875
1 0.6296875 0.64140625 0.144140625 0.1763671875
1 0.78203125 0.675 0.1708984375 0.159375
1 0.51796875 0.71015625 0.1916015625 0.1990234375
1 0.178125 0.7203125 0.1689453125 0.166015625
1 0.3484375 0.73203125 0.18984375 0.1947265625
1 0.66171875 0.76484375 0.13125 0.1384765625
1 0.16171875 0.81171875 0.1240234375 0.0955078125
1 0.29296875 0.83828125 0.1484375 0.132421875
1 0.55703125 0.84296875 0.1107421875 0.103125
1 0.43984375 0.853125 0.1546875 0.15546875
1 0.84140625 0.153125 0.184375 0.1939453125
1 0.95390625 0.1875 0.0921875 0.1625
1 0.696875 0.24296875 0.2095703125 0.192578125
1 0.8734375 0.28359375 0.181640625 0.1640625
1 0.478125 0.3234375 0.1966796875 0.1998046875