1 0.3453125 0.5953125 0.1251953125 0.14609375
1 0.63671875 0.60546875 0.176953125 0.2228515625
1 0.5015625 0.67265625 0.159765625 0.201171875
1 0.06015625 0.7296875 0.089453125 0.1560546875
1 0.6390625 0.765625 0.1744140625 0.196875
1 0.34140625 0.7734375 0.1677734375 0.19765625
1 0.459375 0.8296875 0.16328125 0.18984375
1 0.2296875 0.8375 0.11015625 0.1662109375
1 0.04453125 0.85546875 0.058203125 0.103125
1 0.3046875 0.91015625 0.14140625 0.173046875
1 0.60390625 0.28359375 0.1447265625 0.186328125
1 0.484375 0.309375 0.1037109375 0.134765625
1 0.51171875 0.365625 0.1173828125 0.159375
1 0.5828125 0.42265625 0.144140625 0.1890625
1 0.31640625 0.425 0.120703125 0.1400390625
1 0.70625 0.4796875 0.134375 0.191015625
1 0.4109375 0.5078125 0.1658203125 0.2220703125