1 0.671875 0.16796875 0.058984375 0.0802734375
1 0.61796875 0.221875 0.0984375 0.128125
1 0.690625 0.2671875 0.0849609375 0.1341796875
1 0.559375 0.28359375 0.0966796875 0.1322265625
1 0.35859375 0.30625 0.114453125 0.16171875
1 0.46640625 0.31328125 0.128125 0.1740234375
1 0.6546875 0.328125 0.10625 0.1431640625
1 0.7125 0.37890625 0.0876953125 0.1267578125
1 0.575 0.3859375 0.10625 0.1345703125
1 0.41171875 0.43203125 0.1078125 0.163671875
1 0.7265625 0.4375 0.0814453125 0.115234375
1 0.4984375 0.43828125 0.0908203125 0.13125
1 0.67421875 0.475 0.082421875 0.1158203125
1 0.6328125 0.5203125 0.09765625 0.156640625
1 0.7890625 0.52734375 0.096875 0.1208984375
1 0.4546875 0.54375 0.103515625 0.130859375
1 0.54375 0.56328125 0.09375 0.148046875
1 0.3859375 0.56484375 0.0900390625 0.1615234375
1 0.67265625 0.609375 0.089453125 0.11953125
1 0.78125 0.61171875 0.1091796875 0.1513671875
1 0.3609375 0.640625 0.0595703125 0.093359375
1 0.47734375 0.6578125 0.082421875 0.1376953125
1 0.4203125 0.68359375 0.0875 0.113671875
1 0.5546875 0.6875 0.1005859375 0.143359375
1 0.79140625 0.690625 0.0703125 0.068359375
1 0.62421875 0.6921875 0.0890625 0.141015625
1 0.73046875 0.72421875 0.1 0.1419921875
1 0.515625 0.74296875 0.084765625 0.1076171875
1 0.59296875 0.76484375 0.0734375 0.0830078125
1 0.6625 0.76484375 0.0943359375 0.135546875
1 0.8984375 0.7828125 0.1248046875 0.1720703125
1 0.7484375 0.81015625 0.1025390625 0.1271484375
1 0.6640625 0.83671875 0.0880859375 0.0990234375
1 0.7421875 0.88515625 0.0900390625 0.0984375