1 0.22734375 0.215625 0.1888671875 0.1689453125
1 0.53828125 0.26171875 0.158203125 0.153125
1 0.40078125 0.2921875 0.179296875 0.175390625
1 0.26328125 0.35078125 0.1919921875 0.178125
1 0.61953125 0.39140625 0.138671875 0.163671875
1 0.525 0.40546875 0.184375 0.1728515625
1 0.78984375 0.43984375 0.1580078125 0.151171875
1 0.378125 0.48515625 0.1658203125 0.1669921875
1 0.71484375 0.53359375 0.1548828125 0.1640625
1 0.834375 0.53984375 0.1443359375 0.15625
1 0.28515625 0.61171875 0.1771484375 0.1890625
1 0.3890625 0.61640625 0.1474609375 0.1490234375
1 0.56640625 0.640625 0.183203125 0.1755859375
1 0.72578125 0.66328125 0.1419921875 0.1265625
1 0.4203125 0.69609375 0.18125 0.151171875
1 0.6390625 0.771875 0.1 0.1654296875
1 0.55703125 0.7765625 0.1830078125 0.16875
1 0.759375 0.78828125 0.1595703125 0.1580078125
1 0.44296875 0.80390625 0.123828125 0.1134765625
1 0.5609375 0.91796875 0.1779296875 0.1640625