1 0.46171875 0.5625 0.1486328125 0.1501953125
1 0.7015625 0.56640625 0.122265625 0.0853515625
1 0.58515625 0.571875 0.1421875 0.1181640625
1 0.59453125 0.640625 0.1330078125 0.0751953125
1 0.47734375 0.6796875 0.0826171875 0.06484375
1 0.39453125 0.69296875 0.139453125 0.1427734375
1 0.46328125 0.74609375 0.125 0.113671875
1 0.61484375 0.79296875 0.079296875 0.0875
1 0.690625 0.8 0.127734375 0.141015625
1 0.55234375 0.80078125 0.1078125 0.1232421875
1 0.4859375 0.86796875 0.128125 0.1263671875
1 0.609375 0.8796875 0.11875 0.109765625
1 0.51640625 0.91640625 0.1017578125 0.0671875
1 0.784375 0.93515625 0.13125 0.1296875
1 0.41484375 0.09453125 0.1517578125 0.1234375
1 0.19921875 0.01953125 0.1140625 0.0390625
1 0.2671875 0.18359375 0.1376953125 0.1365234375
1 0.3828125 0.228125 0.159765625 0.1626953125
1 0.2109375 0.25234375 0.1376953125 0.1423828125
1 0.30390625 0.2890625 0.073046875 0.071875
1 0.26484375 0.03046875 0.0796875 0.0609375
1 0.48125 0.30703125 0.1369140625 0.15
1 0.3859375 0.31640625 0.099609375 0.0732421875
1 0.25390625 0.340625 0.1357421875 0.13125
1 0.34375 0.3796875 0.13125 0.116015625
1 0.6921875 0.4 0.134765625 0.102734375
1 0.43046875 0.415625 0.1375 0.1318359375
1 0.7609375 0.4359375 0.047265625 0.087109375
1 0.53984375 0.46953125 0.1296875 0.15
1 0.69140625 0.484375 0.155078125 0.14296875