1 0.4765625 0.29765625 0.09609375 0.1322265625
1 0.57578125 0.346875 0.0671875 0.0814453125
1 0.71875 0.3703125 0.0935546875 0.128125
1 0.52890625 0.39765625 0.0892578125 0.1365234375
1 0.4578125 0.39921875 0.0744140625 0.1146484375
1 0.59296875 0.4140625 0.060546875 0.0591796875
1 0.64921875 0.41796875 0.082421875 0.1234375
1 0.77265625 0.42109375 0.0890625 0.1205078125
1 0.83515625 0.434375 0.0798828125 0.124609375
1 0.3921875 0.45625 0.0818359375 0.1310546875
1 0.5890625 0.4796875 0.099609375 0.1212890625
1 0.71796875 0.48125 0.076171875 0.10546875
1 0.4390625 0.50234375 0.0876953125 0.126953125
1 0.86171875 0.5109375 0.065625 0.124609375
1 0.971875 0.053125 0.05625 0.096875
1 0.51484375 0.521875 0.0826171875 0.125
1 0.35390625 0.52890625 0.088671875 0.1125
1 0.66171875 0.5421875 0.1 0.125
1 0.60078125 0.58203125 0.076953125 0.125
1 0.465625 0.6078125 0.069140625 0.1376953125
1 0.34765625 0.6328125 0.076953125 0.1220703125
1 0.41328125 0.6328125 0.0802734375 0.143359375
1 0.5390625 0.63515625 0.1185546875 0.1521484375
1 0.24375 0.68046875 0.100390625 0.1390625
1 0.51015625 0.7265625 0.0646484375 0.09765625
1 0.5984375 0.728125 0.100390625 0.1310546875
1 0.44375 0.73125 0.112109375 0.128125