1 0.69453125 0.1703125 0.0177734375 0.02265625
1 0.72734375 0.171875 0.036328125 0.0345703125
1 0.85390625 0.17890625 0.0265625 0.0419921875
1 0.809375 0.20390625 0.0345703125 0.0453125
1 0.72421875 0.209375 0.0421875 0.050390625
1 0.753125 0.215625 0.03203125 0.05078125
1 0.8515625 0.22734375 0.0376953125 0.0451171875
1 0.9375 0.2421875 0.0220703125 0.0314453125
1 0.6171875 0.246875 0.0310546875 0.02578125
1 0.69921875 0.259375 0.035546875 0.046484375
1 0.62734375 0.27578125 0.0421875 0.05
1 0.69296875 0.02890625 0.0169921875 0.021875
1 0.51953125 0.28828125 0.045703125 0.053125
1 0.678125 0.2890625 0.041015625 0.05625
1 0.7453125 0.03046875 0.0158203125 0.025
1 0.465625 0.30390625 0.0400390625 0.055078125
1 0.64453125 0.30390625 0.0396484375 0.05
1 0.790625 0.30390625 0.0380859375 0.051171875
1 0.58515625 0.309375 0.032421875 0.0435546875
1 0.1578125 0.3171875 0.0216796875 0.02734375
1 0.5125 0.3203125 0.033984375 0.0349609375
1 0.5453125 0.32109375 0.02265625 0.0361328125
1 0.13359375 0.32890625 0.0384765625 0.05
1 0.6078125 0.33203125 0.040234375 0.0484375
1 0.853125 0.03359375 0.0193359375 0.023828125
1 0.17421875 0.3359375 0.0359375 0.05
1 0.99140625 0.34375 0.0171875 0.053125
1 0.14609375 0.35 0.0326171875 0.0400390625
1 0.465625 0.35078125 0.03828125 0.046875
1 0.55 0.35078125 0.037109375 0.054296875
1 0.578125 0.3515625 0.031640625 0.047265625
1 0.015625 0.36328125 0.03125 0.0484375
1 0.596875 0.365625 0.0349609375 0.0431640625
1 0.571875 0.38203125 0.0314453125 0.0388671875
1 0.46171875 0.3828125 0.038671875 0.0412109375
1 0.68515625 0.03828125 0.016796875 0.023828125
1 0.753125 0.3859375 0.0345703125 0.0435546875
1 0.79921875 0.3875 0.0263671875 0.0431640625
1 0.0265625 0.39921875 0.028515625 0.0330078125
1 0.0078125 0.4 0.015625 0.05
1 0.72578125 0.40234375 0.026171875 0.0423828125
1 0.31484375 0.4078125 0.0263671875 0.046484375
1 0.26875 0.409375 0.0318359375 0.05
1 0.90859375 0.4296875 0.0330078125 0.049609375
1 0.2953125 0.4453125 0.0435546875 0.0435546875
1 0.63984375 0.0453125 0.0146484375 0.022265625
1 0.45078125 0.453125 0.026171875 0.04921875
1 0.4640625 0.45390625 0.0244140625 0.048828125
1 0.1109375 0.45546875 0.033984375 0.0427734375
1 0.07109375 0.46015625 0.0302734375 0.0423828125
1 0.81015625 0.47109375 0.0234375 0.0265625
1 0.8421875 0.47421875 0.0181640625 0.029296875
1 0.86484375 0.47421875 0.025 0.0333984375
1 0.34453125 0.478125 0.019921875 0.03125
1 0.7265625 0.0484375 0.0126953125 0.021484375
1 0.3328125 0.49453125 0.0310546875 0.0423828125
1 0.44921875 0.49453125 0.0240234375 0.029296875
1 0.72578125 0.5046875 0.029296875 0.0345703125
1 0.6109375 0.50546875 0.02890625 0.045703125
1 0.74296875 0.51328125 0.0326171875 0.0447265625
1 0.62421875 0.0515625 0.01875 0.028125
1 0.0421875 0.52890625 0.034375 0.048046875
1 0.68671875 0.53203125 0.0302734375 0.0396484375
1 0.72109375 0.53984375 0.033203125 0.0427734375
1 0.62265625 0.5453125 0.0240234375 0.0341796875
1 0.271875 0.54921875 0.03125 0.05
1 0.69453125 0.5546875 0.0333984375 0.0431640625
1 0.1625 0.55703125 0.0251953125 0.0296875
1 0.03515625 0.5640625 0.0263671875 0.0337890625
1 0.43515625 0.5671875 0.0353515625 0.05390625
1 0.2953125 0.5703125 0.0345703125 0.0435546875
1 0.8125 0.5703125 0.01953125 0.024609375
1 0.12265625 0.57109375 0.026953125 0.026171875
1 0.0578125 0.57109375 0.0345703125 0.0447265625
1 0.946875 0.571875 0.018359375 0.024609375
1 0.7171875 0.578125 0.0310546875 0.0408203125
1 0.14453125 0.584375 0.0208984375 0.025390625
1 0.378125 0.58671875 0.0404296875 0.0576171875
1 0.09921875 0.58984375 0.0259765625 0.0396484375
1 0.125 0.59609375 0.02421875 0.0392578125
1 0.2640625 0.6015625 0.037109375 0.0431640625
1 0.446875 0.60703125 0.0341796875 0.0451171875
1 0.4875 0.61171875 0.0244140625 0.03125
1 0.8140625 0.61484375 0.019140625 0.0265625
1 0.9109375 0.62109375 0.022265625 0.0357421875
1 0.4234375 0.621875 0.040625 0.049609375
1 0.39453125 0.62578125 0.026171875 0.045703125
1 0.284375 0.6328125 0.028125 0.0380859375
1 0.19921875 0.634375 0.032421875 0.052734375
1 0.4609375 0.6359375 0.024609375 0.0349609375
1 0.29609375 0.6484375 0.0265625 0.0373046875
1 0.75078125 0.065625 0.013671875 0.021875
1 0.43046875 0.65234375 0.0423828125 0.0484375
1 0.471875 0.65234375 0.0349609375 0.0484375
1 0.53671875 0.66171875 0.01875 0.05
1 0.325 0.6640625 0.0376953125 0.05390625
1 0.41953125 0.70078125 0.0302734375 0.0392578125
1 0.44296875 0.70859375 0.0326171875 0.048046875
1 0.971875 0.7421875 0.021484375 0.02890625
1 0.371875 0.746875 0.01875 0.0435546875
1 0.7609375 0.07578125 0.016015625 0.0173828125
1 0.39375 0.78359375 0.03203125 0.0416015625
1 0.43046875 0.7875 0.0326171875 0.0345703125
1 0.41640625 0.815625 0.029296875 0.0380859375
1 0.4359375 0.82421875 0.028515625 0.0392578125
1 0.17890625 0.82890625 0.032421875 0.0416015625
1 0.7109375 0.00859375 0.01875 0.0171875
1 0.6078125 0.009375 0.015625 0.01875
1 0.371875 0.8453125 0.018359375 0.022265625
1 0.478125 0.8515625 0.0224609375 0.0345703125
1 0.70703125 0.85234375 0.0359375 0.0447265625
1 0.1359375 0.85390625 0.028515625 0.029296875
1 0.37734375 0.85703125 0.01875 0.023828125
1 0.3578125 0.8578125 0.0212890625 0.025390625
1 0.484375 0.86484375 0.0189453125 0.0330078125
1 0.17578125 0.86796875 0.026953125 0.0365234375
1 0.503125 0.86796875 0.0251953125 0.0330078125
1 0.30703125 0.871875 0.0322265625 0.0439453125
1 0.63828125 0.87265625 0.033203125 0.0392578125
1 0.146875 0.87890625 0.0248046875 0.0427734375
1 0.11796875 0.88203125 0.0322265625 0.0416015625
1 0.70703125 0.88984375 0.035546875 0.0447265625
1 0.16484375 0.8984375 0.0265625 0.0380859375
1 0.6828125 0.9046875 0.0341796875 0.049609375
1 0.6515625 0.90546875 0.033984375 0.0427734375
1 0.13359375 0.909375 0.029296875 0.0345703125
1 0.72578125 0.91484375 0.0271484375 0.028125
1 0.3078125 0.9234375 0.0318359375 0.0408203125
1 0.58828125 0.9234375 0.0271484375 0.028515625
1 0.60546875 0.9421875 0.0298828125 0.0412109375
1 0.26015625 0.94453125 0.032421875 0.0416015625
1 0.2875 0.94609375 0.034375 0.0427734375
1 0.71171875 0.94765625 0.026171875 0.0333984375
1 0.584375 0.95546875 0.02578125 0.0423828125
1 0.7875 0.97578125 0.021875 0.028125
1 0.49140625 0.98671875 0.021875 0.0265625
1 0.80390625 0.9875 0.017578125 0.0189453125
1 0.3125 0.9875 0.03125 0.025
1 0.38515625 0.98828125 0.0203125 0.0234375
1 0.6046875 0.11328125 0.019140625 0.0296875
1 0.81484375 0.11640625 0.0201171875 0.0265625
1 0.4671875 0.125 0.0220703125 0.01953125
1 0.61484375 0.1296875 0.0203125 0.024609375
1 0.48046875 0.134375 0.014453125 0.0158203125
1 0.5953125 0.14140625 0.025 0.028125