1 0.67734375 0.01328125 0.0984375 0.0265625
1 0.465625 0.1203125 0.128515625 0.109765625
1 0.82890625 0.128125 0.1921875 0.14296875
1 0.71015625 0.16875 0.151171875 0.1162109375
1 0.44140625 0.01875 0.1080078125 0.034765625
1 0.3765625 0.18671875 0.0994140625 0.067578125
1 0.5578125 0.19140625 0.178515625 0.1328125
1 0.91796875 0.1953125 0.1640625 0.140625
1 0.5765625 0.0234375 0.13125 0.046875
1 0.2875 0.20625 0.1623046875 0.13203125
1 0.43203125 0.23125 0.1447265625 0.108984375
1 0.7859375 0.2453125 0.1783203125 0.128515625
1 0.034375 0.25703125 0.06875 0.0638671875
1 0.65 0.26640625 0.178515625 0.1236328125
1 0.9 0.2703125 0.1068359375 0.0650390625
1 0.50546875 0.290625 0.1544921875 0.105859375
1 0.36484375 0.29453125 0.1513671875 0.11875
1 0.1578125 0.30390625 0.1625 0.1171875
1 0.05 0.3109375 0.1 0.08125
1 0.95703125 0.034375 0.0859375 0.06875
1 0.86953125 0.3453125 0.1330078125 0.112890625
1 0.6 0.35 0.1626953125 0.112890625
1 0.7484375 0.359375 0.1529296875 0.1349609375
1 0.43359375 0.3703125 0.1646484375 0.11484375
1 0.3328125 0.38203125 0.131640625 0.103125
1 0.67265625 0.3859375 0.134375 0.1125
1 0.54140625 0.396875 0.1296875 0.106640625
1 0.88671875 0.41328125 0.0521484375 0.0453125
1 0.8125 0.04609375 0.16875 0.0921875
1 0.6234375 0.4375 0.07890625 0.065625
1 0.490625 0.04453125 0.1283203125 0.0646484375
1 0.8046875 0.44453125 0.1623046875 0.1072265625
1 0.4453125 0.4578125 0.14765625 0.109765625
1 0.6828125 0.49140625 0.159375 0.105078125
1 0.525 0.49296875 0.1306640625 0.1171875
1 0.32890625 0.49609375 0.155078125 0.1109375
1 0.296875 0.55078125 0.118359375 0.080078125
1 0.4125 0.571875 0.1689453125 0.1158203125
1 0.6578125 0.57265625 0.0908203125 0.1046875
1 0.521875 0.62109375 0.1412109375 0.115625
1 0.34296875 0.621875 0.1265625 0.0841796875
1 0.13984375 0.63125 0.116796875 0.1
1 0.4453125 0.634375 0.0720703125 0.08125
1 0.07109375 0.6515625 0.108203125 0.0625
1 0.41171875 0.6828125 0.1296875 0.0939453125
1 0.3375 0.70390625 0.128125 0.116796875
1 0.5609375 0.7140625 0.10390625 0.0724609375
1 0.11875 0.72265625 0.134375 0.0859375
1 0.675 0.0734375 0.162109375 0.119140625
1 0.2953125 0.734375 0.1189453125 0.096484375
1 0.44765625 0.7484375 0.1302734375 0.115625
1 0.2203125 0.753125 0.1001953125 0.084765625
1 0.51015625 0.7953125 0.1294921875 0.0998046875
1 0.60859375 0.796875 0.10625 0.1
1 0.3359375 0.81171875 0.1193359375 0.08125
1 0.41171875 0.8171875 0.0365234375 0.046484375
1 0.23125 0.821875 0.1212890625 0.0974609375
1 0.47109375 0.8296875 0.1080078125 0.0779296875
1 0.35625 0.84453125 0.1001953125 0.0544921875
1 0.528125 0.85625 0.0880859375 0.0779296875
1 0.434375 0.87890625 0.1341796875 0.0923828125
1 0.609375 0.890625 0.0685546875 0.08671875
1 0.3203125 0.8984375 0.1193359375 0.09140625
1 0.2234375 0.903125 0.105859375 0.077734375
1 0.553125 0.09140625 0.1537109375 0.114453125
1 0.12109375 0.92421875 0.0642578125 0.0517578125
1 0.17265625 0.92734375 0.0923828125 0.0625
1 0.390625 0.934375 0.0876953125 0.056640625
1 0.48046875 0.94453125 0.1080078125 0.092578125
1 0.2828125 0.95859375 0.14375 0.0828125
1 0.153125 0.96875 0.103125 0.0625