1 0.721875 0.16171875 0.0306640625 0.0423828125
1 0.46875 0.184375 0.0375 0.056640625
1 0.73515625 0.1859375 0.0359375 0.0375
1 0.7328125 0.22265625 0.028515625 0.0427734375
1 0.65546875 0.2703125 0.057421875 0.071484375
1 0.75 0.2734375 0.0400390625 0.0748046875
1 0.6515625 0.3375 0.04140625 0.0619140625
1 0.7484375 0.34921875 0.0318359375 0.0515625
1 0.62421875 0.39296875 0.039453125 0.058203125
1 0.70703125 0.4015625 0.051953125 0.0568359375
1 0.59921875 0.40625 0.059375 0.0849609375
1 0.63984375 0.43203125 0.0384765625 0.0478515625
1 0.63828125 0.48671875 0.060546875 0.0796875
1 0.68359375 0.50390625 0.0509765625 0.079296875
1 0.5921875 0.50625 0.0587890625 0.08671875
1 0.71328125 0.58671875 0.0361328125 0.0671875
1 0.55625 0.5953125 0.0599609375 0.0912109375
1 0.60625 0.59765625 0.034375 0.038671875
1 0.7078125 0.6578125 0.065625 0.087890625
1 0.74453125 0.67578125 0.0455078125 0.0822265625
1 0.65078125 0.69765625 0.053125 0.0875
1 0.5828125 0.7 0.028125 0.0630859375
1 0.70859375 0.73671875 0.0291015625 0.0671875
1 0.75078125 0.07421875 0.034375 0.041796875
1 0.73359375 0.74921875 0.0578125 0.0892578125