1 0.721875 0.16171875 0.0287109375 0.0423828125
1 0.46875 0.184375 0.040625 0.058984375
1 0.73515625 0.1859375 0.034375 0.03515625
1 0.7328125 0.22265625 0.02734375 0.0423828125
1 0.65546875 0.2703125 0.05 0.066015625
1 0.75 0.2734375 0.0337890625 0.0724609375
1 0.6515625 0.3375 0.04375 0.0623046875
1 0.7484375 0.34921875 0.0287109375 0.05
1 0.62421875 0.39296875 0.0421875 0.059375
1 0.70703125 0.4015625 0.0484375 0.0537109375
1 0.59921875 0.40625 0.060546875 0.0849609375
1 0.63984375 0.43203125 0.0392578125 0.0482421875
1 0.63828125 0.48671875 0.0578125 0.078125
1 0.68359375 0.50390625 0.0458984375 0.076953125
1 0.5921875 0.50625 0.0587890625 0.08671875
1 0.71328125 0.58671875 0.0365234375 0.067578125
1 0.55625 0.5953125 0.0654296875 0.0943359375
1 0.60625 0.59765625 0.031640625 0.0359375
1 0.7078125 0.6578125 0.06484375 0.087109375
1 0.74453125 0.67578125 0.0447265625 0.0822265625
1 0.65078125 0.69765625 0.063671875 0.0921875
1 0.5828125 0.7 0.02734375 0.0630859375
1 0.70859375 0.73671875 0.0298828125 0.067578125
1 0.75078125 0.07421875 0.033203125 0.041796875
1 0.73359375 0.74921875 0.051953125 0.0865234375