1 0.62734375 0.346875 0.0982421875 0.091015625
1 0.690625 0.40859375 0.0845703125 0.101953125
1 0.80078125 0.41015625 0.1361328125 0.098828125
1 0.95859375 0.421875 0.082421875 0.08125
1 0.871875 0.44296875 0.1337890625 0.107421875
1 0.584375 0.465625 0.1224609375 0.09921875
1 0.63671875 0.5 0.1357421875 0.0875
1 0.76796875 0.515625 0.1548828125 0.116015625
1 0.84375 0.53125 0.10703125 0.106640625
1 0.61328125 0.5546875 0.1234375 0.08125
1 0.6875 0.609375 0.11328125 0.0837890625
1 0.59296875 0.62734375 0.1078125 0.079296875
1 0.98359375 0.065625 0.0328125 0.08125
1 0.69140625 0.66796875 0.0986328125 0.0611328125
1 0.53203125 0.70546875 0.1486328125 0.1107421875
1 0.66484375 0.72265625 0.1517578125 0.114453125
1 0.33046875 0.75078125 0.1544921875 0.1076171875
1 0.453125 0.796875 0.1564453125 0.1193359375
1 0.31484375 0.8234375 0.1509765625 0.0908203125
1 0.875 0.84140625 0.1283203125 0.091796875
1 0.77109375 0.85703125 0.0853515625 0.0763671875
1 0.42734375 0.86484375 0.1353515625 0.0857421875
1 0.79296875 0.88359375 0.1080078125 0.076171875
1 0.52578125 0.128125 0.0919921875 0.0880859375
1 0.61015625 0.13359375 0.11875 0.096875