1 0.62734375 0.346875 0.0927734375 0.087109375
1 0.690625 0.40859375 0.0779296875 0.096875
1 0.80078125 0.41015625 0.1396484375 0.1046875
1 0.95859375 0.421875 0.082421875 0.08125
1 0.871875 0.44296875 0.1279296875 0.1
1 0.584375 0.465625 0.1224609375 0.09921875
1 0.63671875 0.5 0.1427734375 0.100390625
1 0.76796875 0.515625 0.1544921875 0.115234375
1 0.84375 0.53125 0.103125 0.102734375
1 0.61328125 0.5546875 0.125 0.084375
1 0.6875 0.609375 0.112890625 0.0818359375
1 0.59296875 0.62734375 0.113671875 0.0875
1 0.98515625 0.065625 0.0296875 0.08125
1 0.69140625 0.66796875 0.0958984375 0.0572265625
1 0.53203125 0.70546875 0.1427734375 0.1013671875
1 0.66484375 0.72265625 0.1482421875 0.108203125
1 0.33046875 0.75078125 0.1576171875 0.1134765625
1 0.453125 0.796875 0.1568359375 0.1216796875
1 0.31484375 0.8234375 0.1521484375 0.0966796875
1 0.875 0.84140625 0.1244140625 0.082421875
1 0.77109375 0.85703125 0.0830078125 0.0740234375
1 0.42734375 0.86484375 0.1396484375 0.0951171875
1 0.79296875 0.88359375 0.1041015625 0.0671875
1 0.52578125 0.128125 0.0884765625 0.0841796875
1 0.61015625 0.13359375 0.1203125 0.1