1 0.1890625 0.93515625 0.265625 0.1296875
1 0.42421875 0.1875 0.215625 0.231640625
1 0.64296875 0.19375 0.2392578125 0.253125
1 0.36328125 0.24765625 0.1703125 0.1896484375
1 0.71328125 0.05078125 0.2109375 0.1015625
1 0.459375 0.51796875 0.1375 0.201953125
1 0.60234375 0.5421875 0.2365234375 0.2587890625
1 0.5734375 0.66328125 0.1849609375 0.1142578125
1 0.53125 0.775 0.125390625 0.16171875
1 0.30859375 0.08203125 0.2171875 0.1640625
1 0.1875 0.79453125 0.240234375 0.2572265625
1 0.4078125 0.803125 0.2626953125 0.2689453125