1 0.9640625 0.20234375 0.071875 0.1546875
1 0.94609375 0.3515625 0.1078125 0.171875
1 0.7296875 0.4109375 0.084765625 0.0912109375
1 0.45390625 0.4265625 0.158203125 0.159765625
1 0.8234375 0.43359375 0.1533203125 0.1509765625
1 0.98125 0.4484375 0.0375 0.128125
1 0.35859375 0.47265625 0.159375 0.1609375
1 0.67109375 0.4734375 0.151171875 0.1400390625
1 0.56640625 0.4890625 0.1384765625 0.15625
1 0.47734375 0.521875 0.0857421875 0.0658203125
1 0.7234375 0.525 0.1431640625 0.152734375
1 0.33046875 0.53828125 0.132421875 0.133203125
1 0.62421875 0.58984375 0.1330078125 0.104296875
1 0.4390625 0.61640625 0.152734375 0.15
1 0.2875 0.6453125 0.1337890625 0.1525390625