1 0.3203125 0.96640625 0.10625 0.0671875
1 0.7484375 0.096875 0.0966796875 0.153125
1 0.73359375 0.17109375 0.090625 0.115625
1 0.50859375 0.25546875 0.0923828125 0.1232421875
1 0.72734375 0.27265625 0.105078125 0.1732421875
1 0.425 0.35078125 0.0935546875 0.1146484375
1 0.50625 0.37109375 0.0912109375 0.1578125
1 0.6984375 0.403125 0.1029296875 0.1716796875
1 0.6265625 0.4390625 0.1037109375 0.17265625
1 0.56640625 0.465625 0.0990234375 0.159375
1 0.43515625 0.46640625 0.1138671875 0.2
1 0.3875 0.525 0.1060546875 0.1720703125
1 0.58046875 0.5578125 0.0771484375 0.1150390625
1 0.5015625 0.56171875 0.1126953125 0.1771484375
1 0.5265625 0.678125 0.09375 0.1630859375
1 0.4671875 0.73984375 0.0845703125 0.128125
1 0.30234375 0.85546875 0.1103515625 0.2015625