5 0.85 0.2671875 0.1998046875 0.284375
5 0.70703125 0.4265625 0.220703125 0.3349609375
5 0.24140625 0.43125 0.458203125 0.6814453125
5 0.72265625 0.46015625 0.4859375 0.7421875
5 0.52578125 0.48984375 0.1166015625 0.361328125
5 0.8859375 0.52890625 0.1560546875 0.2798828125
5 0.61796875 0.5671875 0.1583984375 0.234765625
5 0.7359375 0.7015625 0.178515625 0.243359375
5 0.56796875 0.71328125 0.1859375 0.2333984375
5 0.675 0.18125 0.196484375 0.28125
5 0.56953125 0.20390625 0.2455078125 0.3076171875