1 0.9015625 0.09453125 0.069140625 0.0634765625
1 0.9234375 0.23671875 0.1376953125 0.15625
1 0.565625 0.2671875 0.1126953125 0.1
1 0.76953125 0.27421875 0.1572265625 0.2107421875
1 0.365625 0.29609375 0.099609375 0.1330078125
1 0.92421875 0.3796875 0.1236328125 0.150390625
1 0.16171875 0.39140625 0.160546875 0.2103515625
1 0.46875 0.39609375 0.0876953125 0.0736328125
1 0.76328125 0.4234375 0.105078125 0.1310546875
1 0.3578125 0.44140625 0.087890625 0.0802734375
1 0.453125 0.45703125 0.1193359375 0.126171875
1 0.859375 0.46015625 0.1560546875 0.1919921875
1 0.52421875 0.4734375 0.1572265625 0.1908203125
1 0.96484375 0.4890625 0.0703125 0.184375
1 0.37109375 0.490625 0.075 0.06875
1 0.66015625 0.515625 0.163671875 0.187109375
1 0.221875 0.52265625 0.1337890625 0.1767578125
1 0.975 0.53828125 0.05 0.1765625
1 0.3078125 0.5546875 0.147265625 0.166015625
1 0.4265625 0.578125 0.1443359375 0.1974609375
1 0.93984375 0.5921875 0.1072265625 0.1525390625
1 0.85546875 0.63203125 0.1427734375 0.191796875
1 0.1359375 0.640625 0.150390625 0.17578125
1 0.4921875 0.6640625 0.1033203125 0.159765625
1 0.1953125 0.675 0.0939453125 0.141015625
1 0.590625 0.67734375 0.140234375 0.170703125
1 0.72734375 0.68046875 0.1296875 0.1859375
1 0.953125 0.7171875 0.09375 0.165625
1 0.29140625 0.72109375 0.1359375 0.1673828125