1 0.240625 0.38046875 0.0525390625 0.091796875
1 0.6 0.42265625 0.084765625 0.140625
1 0.690625 0.49453125 0.09453125 0.154296875
1 0.38671875 0.56171875 0.0857421875 0.1484375
1 0.56171875 0.56875 0.0947265625 0.146875
1 0.4328125 0.58046875 0.05 0.1166015625
1 0.83125 0.58046875 0.05625 0.1166015625
1 0.17890625 0.59765625 0.0580078125 0.09375
1 0.7953125 0.60078125 0.0810546875 0.1173828125
1 0.46484375 0.63203125 0.078125 0.1361328125
1 0.33125 0.63359375 0.0435546875 0.076953125
1 0.64609375 0.6609375 0.0771484375 0.1349609375
1 0.7078125 0.6640625 0.0837890625 0.1373046875
1 0.40390625 0.66796875 0.0521484375 0.0853515625
1 0.48828125 0.68828125 0.0640625 0.0990234375
1 0.8109375 0.68828125 0.0568359375 0.091796875
1 0.8546875 0.68984375 0.043359375 0.1265625
1 0.32734375 0.72421875 0.05 0.10625
1 0.26484375 0.74453125 0.051171875 0.1138671875
1 0.4453125 0.75703125 0.0650390625 0.1173828125
1 0.29765625 0.77578125 0.080078125 0.140625
1 0.378125 0.96640625 0.06875 0.0671875
1 0.16484375 0.15390625 0.0455078125 0.0646484375
1 0.3671875 0.228125 0.0560546875 0.0806640625
1 0.228125 0.2296875 0.040234375 0.0630859375
1 0.27265625 0.271875 0.0544921875 0.096484375
1 0.3203125 0.29453125 0.07109375 0.092578125