1 0.284375 0.32109375 0.1216796875 0.1607421875
1 0.08828125 0.32421875 0.1484375 0.1857421875
1 0.19609375 0.34140625 0.1052734375 0.1521484375
1 0.90625 0.38125 0.106640625 0.1345703125
1 0.3 0.4671875 0.125390625 0.1568359375
1 0.9 0.4890625 0.119140625 0.1591796875
1 0.61328125 0.5046875 0.126953125 0.1775390625
1 0.50859375 0.5078125 0.1302734375 0.1748046875
1 0.80390625 0.5359375 0.1048828125 0.1462890625
1 0.73203125 0.575 0.1078125 0.1376953125
1 0.925 0.5921875 0.090234375 0.1373046875
1 0.52109375 0.64765625 0.117578125 0.1447265625
1 0.853125 0.64765625 0.106640625 0.1517578125
1 0.6984375 0.64921875 0.106640625 0.114453125
1 0.615625 0.65078125 0.121484375 0.1427734375
1 0.78671875 0.65234375 0.0544921875 0.095703125
1 0.68125 0.74453125 0.112890625 0.1447265625
1 0.87265625 0.22890625 0.0921875 0.083203125
1 0.43984375 0.26015625 0.1611328125 0.1958984375
1 0.57421875 0.29453125 0.085546875 0.1015625
1 0.5765625 0.29453125 0.07890625 0.0859375