5 0.8953125 0.0546875 0.1904296875 0.1060546875
5 0.353125 0.7828125 0.246875 0.2125
5 0.121875 0.7890625 0.2189453125 0.1712890625
5 0.2421875 0.83046875 0.484375 0.3390625
5 0.29140625 0.90703125 0.253125 0.1544921875
5 0.159375 0.93828125 0.2625 0.1234375
5 0.92734375 0.0984375 0.1453125 0.125
5 0.78671875 0.11328125 0.107421875 0.1447265625
5 0.91171875 0.1578125 0.1765625 0.2375
5 0.71015625 0.16015625 0.1640625 0.2125
5 0.7546875 0.1734375 0.490625 0.3375
5 0.67421875 0.18515625 0.3392578125 0.315625
5 0.90390625 0.196875 0.1921875 0.165625
5 0.615625 0.2046875 0.2162109375 0.237109375