1 0.35859375 0.77265625 0.1375 0.1419921875
1 0.4890625 0.77734375 0.162890625 0.15625
1 0.24453125 0.45703125 0.1375 0.1423828125
1 0.66171875 0.48359375 0.1455078125 0.1419921875
1 0.9171875 0.515625 0.144140625 0.13828125
1 0.35390625 0.55234375 0.1666015625 0.1552734375
1 0.71015625 0.590625 0.1580078125 0.1568359375
1 0.57890625 0.6 0.1171875 0.1310546875
1 0.5015625 0.6359375 0.1462890625 0.1431640625
1 0.50859375 0.6453125 0.125 0.133984375
1 0.27890625 0.66015625 0.140625 0.1361328125
1 0.41640625 0.690625 0.111328125 0.103515625