1 0.85234375 0.434375 0.1142578125 0.181640625
1 0.72421875 0.45390625 0.190625 0.2013671875
1 0.15234375 0.4859375 0.1736328125 0.1623046875
1 0.471875 0.51015625 0.21875 0.2146484375
1 0.79765625 0.51171875 0.1326171875 0.14375
1 0.2921875 0.58203125 0.19609375 0.184375
1 0.6296875 0.58828125 0.2005859375 0.1916015625
1 0.74140625 0.0609375 0.2296875 0.121875
1 0.76015625 0.61796875 0.1083984375 0.126171875
1 0.5359375 0.65390625 0.1720703125 0.1416015625
1 0.2203125 0.7421875 0.1810546875 0.184375
1 0.9140625 0.0796875 0.165625 0.159375
1 0.37421875 0.815625 0.2166015625 0.212890625
1 0.5421875 0.828125 0.171484375 0.19921875
1 0.02421875 0.84140625 0.0484375 0.1109375
1 0.18828125 0.85390625 0.1771484375 0.180078125
1 0.096875 0.91015625 0.19375 0.1796875
1 0.303125 0.9296875 0.159375 0.140625
1 0.44140625 0.93515625 0.1765625 0.1296875
1 0.61796875 0.15 0.2072265625 0.2068359375
1 0.43828125 0.19765625 0.2080078125 0.2142578125
1 0.77421875 0.21015625 0.1978515625 0.1890625
1 0.90625 0.25625 0.1875 0.2125
1 0.32421875 0.28203125 0.1197265625 0.1451171875
1 0.74375 0.328125 0.1658203125 0.13671875
1 0.3640625 0.36015625 0.1939453125 0.1947265625
1 0.58984375 0.3640625 0.2111328125 0.200390625
1 0.471875 0.38203125 0.074609375 0.09375