5 0.865625 0.44375 0.26875 0.45625
5 0.37421875 0.4859375 0.2705078125 0.4787109375
5 0.6296875 0.48984375 0.2279296875 0.4166015625
5 0.5 0.5 1 1
5 0.11796875 0.52265625 0.2359375 0.4421875
5 0.4921875 0.7578125 0.2087890625 0.2966796875
5 0.9125 0.80625 0.175 0.29375
5 0.7265625 0.8171875 0.20390625 0.2849609375
5 0.2796875 0.83125 0.1841796875 0.3185546875
5 0.61953125 0.859375 0.2201171875 0.26796875
5 0.09296875 0.8609375 0.176953125 0.2373046875
5 0.46640625 0.94296875 0.1484375 0.1140625
5 0.9609375 0.09453125 0.078125 0.1859375
5 0.81640625 0.10546875 0.2484375 0.2109375
5 0.58828125 0.115625 0.2328125 0.23125
5 0.38671875 0.11875 0.2109375 0.2375
5 0.18046875 0.12734375 0.2265625 0.2546875
5 0.0421875 0.1453125 0.084375 0.284375