1 0.9203125 0.428125 0.1556640625 0.15078125
1 0.75703125 0.46015625 0.1509765625 0.1484375
1 0.253125 0.47421875 0.1283203125 0.113671875
1 0.31796875 0.4953125 0.132421875 0.1287109375
1 0.65078125 0.503125 0.1478515625 0.15703125
1 0.459375 0.540625 0.1275390625 0.122265625
1 0.8796875 0.54375 0.134765625 0.137109375
1 0.259375 0.578125 0.108984375 0.09453125
1 0.6609375 0.62421875 0.137890625 0.1361328125
1 0.35390625 0.6328125 0.116796875 0.115625
1 0.77734375 0.66328125 0.1603515625 0.148828125
1 0.2421875 0.68125 0.124609375 0.1189453125
1 0.896875 0.684375 0.125390625 0.1556640625
1 0.34765625 0.7171875 0.1177734375 0.09609375
1 0.72421875 0.725 0.1201171875 0.1123046875
1 0.7796875 0.78671875 0.1408203125 0.130078125