1 0.38125 0.028125 0.2125 0.05625
1 0.4 0.39296875 0.23671875 0.160546875
1 0.9171875 0.5078125 0.165625 0.221875
1 0.5421875 0.515625 0.244140625 0.2564453125
1 0.32109375 0.53359375 0.2390625 0.2375
1 0.16640625 0.56015625 0.2298828125 0.273046875
1 0.025 0.06171875 0.05 0.1234375
1 0.85703125 0.6453125 0.223046875 0.193359375
1 0.396875 0.6859375 0.269140625 0.2060546875
1 0.60234375 0.703125 0.2021484375 0.2373046875
1 0.23125 0.7703125 0.256640625 0.2029296875
1 0.8234375 0.79296875 0.2810546875 0.2669921875
1 0.6703125 0.81875 0.20234375 0.2431640625
1 0.96953125 0.83046875 0.0609375 0.2453125
1 0.88515625 0.91796875 0.2109375 0.1640625
1 0.5203125 0.14140625 0.2462890625 0.226171875
1 0.08828125 0.2078125 0.1765625 0.28125