1 0.56328125 0.3078125 0.1455078125 0.1748046875
1 0.3421875 0.3828125 0.1310546875 0.1212890625
1 0.04453125 0.39765625 0.06875 0.1640625
1 0.665625 0.4 0.14453125 0.1505859375
1 0.2171875 0.41484375 0.1474609375 0.166796875
1 0.76171875 0.4296875 0.116796875 0.1720703125
1 0.32109375 0.44765625 0.1451171875 0.166796875
1 0.528125 0.48671875 0.1625 0.1822265625
1 0.43671875 0.4953125 0.1201171875 0.17265625
1 0.76015625 0.57890625 0.130078125 0.157421875
1 0.4765625 0.621875 0.1224609375 0.1125
1 0.68671875 0.684375 0.107421875 0.153515625
1 0.59765625 0.73203125 0.1451171875 0.1728515625
1 0.46328125 0.75 0.157421875 0.193359375
1 0.61640625 0.8390625 0.1576171875 0.1400390625