1 0.9203125 0.428125 0.1529296875 0.149609375
1 0.75703125 0.46015625 0.1552734375 0.154296875
1 0.253125 0.47421875 0.1255859375 0.110546875
1 0.31796875 0.4953125 0.13125 0.1283203125
1 0.65078125 0.503125 0.1486328125 0.159375
1 0.459375 0.540625 0.1251953125 0.11953125
1 0.8796875 0.54375 0.147265625 0.14921875
1 0.259375 0.578125 0.106640625 0.09375
1 0.6609375 0.62421875 0.134765625 0.1330078125
1 0.35390625 0.6328125 0.11875 0.118359375
1 0.77734375 0.66328125 0.1603515625 0.148828125
1 0.2421875 0.68125 0.116015625 0.1099609375
1 0.896875 0.684375 0.122265625 0.1533203125
1 0.34765625 0.7171875 0.1197265625 0.096875
1 0.72421875 0.725 0.1228515625 0.1154296875
1 0.7796875 0.78671875 0.1537109375 0.1453125