1 0.56328125 0.3078125 0.1509765625 0.1783203125
1 0.3421875 0.3828125 0.1337890625 0.1224609375
1 0.04453125 0.39765625 0.070703125 0.164453125
1 0.665625 0.4 0.15078125 0.1568359375
1 0.2171875 0.41484375 0.1494140625 0.1671875
1 0.76171875 0.4296875 0.11875 0.1744140625
1 0.32109375 0.44765625 0.1583984375 0.176953125
1 0.528125 0.48671875 0.15 0.1705078125
1 0.43671875 0.4953125 0.1107421875 0.16875
1 0.76015625 0.57890625 0.128125 0.155078125
1 0.4765625 0.621875 0.1185546875 0.106640625
1 0.68671875 0.684375 0.111328125 0.156640625
1 0.59765625 0.73203125 0.1517578125 0.1767578125
1 0.46328125 0.75 0.158203125 0.194140625
1 0.61640625 0.8390625 0.1576171875 0.1400390625