1 0.38125 0.0328125 0.215625 0.065625
1 0.4 0.39296875 0.237890625 0.165625
1 0.9171875 0.5078125 0.165625 0.221875
1 0.5421875 0.515625 0.23984375 0.2505859375
1 0.32109375 0.53359375 0.251171875 0.248828125
1 0.16640625 0.56015625 0.2396484375 0.280078125
1 0.0265625 0.0625 0.053125 0.125
1 0.85703125 0.6453125 0.228125 0.2
1 0.396875 0.6859375 0.275 0.2150390625
1 0.60234375 0.703125 0.1955078125 0.2314453125
1 0.23125 0.7703125 0.275 0.2275390625
1 0.8234375 0.79296875 0.2568359375 0.2416015625
1 0.6703125 0.81875 0.191015625 0.2349609375
1 0.96875 0.83046875 0.0625 0.2453125
1 0.88515625 0.91953125 0.2078125 0.1609375
1 0.5203125 0.14140625 0.2435546875 0.223828125
1 0.084375 0.2078125 0.16875 0.275