1 0.909375 0.22890625 0.0810546875 0.0958984375
1 0.95390625 0.2671875 0.076953125 0.1568359375
1 0.6359375 0.31015625 0.0962890625 0.1228515625
1 0.984375 0.31328125 0.03125 0.1109375
1 0.775 0.321875 0.097265625 0.127734375
1 0.9125 0.3328125 0.1025390625 0.13984375
1 0.56328125 0.3484375 0.0671875 0.0998046875
1 0.8328125 0.35390625 0.068359375 0.1396484375
1 0.71171875 0.365625 0.06875 0.1005859375
1 0.6015625 0.3703125 0.040625 0.06875
1 0.6625 0.4171875 0.1099609375 0.1349609375
1 0.7734375 0.42421875 0.0904296875 0.1107421875
1 0.846875 0.42734375 0.068359375 0.0986328125
1 0.5984375 0.428125 0.05625 0.078125
1 0.9546875 0.434375 0.090625 0.140625
1 0.57109375 0.47421875 0.0392578125 0.0638671875
1 0.81015625 0.490625 0.0857421875 0.1162109375
1 0.734375 0.49453125 0.07578125 0.125
1 0.865625 0.5046875 0.0625 0.1
1 0.6109375 0.51015625 0.084375 0.123046875
1 0.51328125 0.5203125 0.066796875 0.072265625
1 0.68125 0.53984375 0.075 0.1109375
1 0.46796875 0.58359375 0.0357421875 0.0484375
1 0.525 0.61015625 0.103515625 0.1423828125
1 0.4390625 0.63125 0.065625 0.0912109375
1 0.8046875 0.65 0.0849609375 0.109765625
1 0.378125 0.66015625 0.0775390625 0.1
1 0.490625 0.66875 0.0716796875 0.084375
1 0.98046875 0.6828125 0.0390625 0.1125
1 0.93984375 0.6875 0.0740234375 0.0943359375
1 0.81015625 0.7140625 0.06875 0.0755859375
1 0.5078125 0.76953125 0.112890625 0.1607421875
1 0.734375 0.86640625 0.0591796875 0.103125
1 0.78828125 0.8703125 0.0671875 0.1087890625
1 0.3484375 0.8828125 0.11640625 0.190234375
1 0.8296875 0.92109375 0.0494140625 0.051171875
1 0.9828125 0.93671875 0.034375 0.1265625
1 0.81484375 0.96328125 0.0765625 0.0734375