1 0.38828125 0.2765625 0.0875 0.1314453125
1 0.27734375 0.29296875 0.0625 0.1138671875
1 0.2375 0.30546875 0.0462890625 0.085546875
1 0.3328125 0.31328125 0.08125 0.148046875
1 0.434375 0.3203125 0.0494140625 0.0876953125
1 0.465625 0.3609375 0.08671875 0.140234375
1 0.26640625 0.3703125 0.0759765625 0.096484375
1 0.40390625 0.4 0.073046875 0.1310546875
1 0.56875 0.4046875 0.0755859375 0.1404296875
1 0.31796875 0.409375 0.0583984375 0.1060546875
1 0.3703125 0.415625 0.055859375 0.109765625
1 0.075 0.046875 0.05625 0.09375
1 0.50703125 0.45625 0.0736328125 0.13125
1 0.35234375 0.46171875 0.048046875 0.0890625
1 0.67265625 0.46328125 0.0828125 0.133203125
1 0.446875 0.4703125 0.087109375 0.134765625
1 0.60703125 0.4984375 0.076171875 0.13515625
1 0.3984375 0.52109375 0.07265625 0.1205078125
1 0.5390625 0.54140625 0.0908203125 0.139453125
1 0.7921875 0.5546875 0.0501953125 0.0939453125
1 0.70390625 0.56328125 0.0517578125 0.1109375
1 0.34140625 0.5640625 0.0638671875 0.1068359375
1 0.46328125 0.5703125 0.09375 0.140234375
1 0.64921875 0.59296875 0.0771484375 0.1298828125
1 0.584375 0.63671875 0.07578125 0.1265625
1 0.50703125 0.64453125 0.0875 0.1326171875
1 0.70859375 0.67109375 0.0705078125 0.1259765625
1 0.66171875 0.70078125 0.0734375 0.11875
1 0.54921875 0.7078125 0.0486328125 0.0873046875
1 0.49453125 0.73359375 0.0830078125 0.120703125
1 0.71796875 0.75859375 0.0515625 0.1134765625
1 0.62265625 0.76953125 0.0517578125 0.0953125
1 0.57109375 0.7828125 0.0765625 0.1369140625
1 0.68046875 0.80546875 0.057421875 0.110546875
1 0.55078125 0.86484375 0.0552734375 0.111328125
1 0.28828125 0.0875 0.0671875 0.106640625
1 0.59609375 0.89453125 0.0791015625 0.1267578125
1 0.67890625 0.915625 0.0486328125 0.0998046875
1 0.634375 0.94921875 0.05625 0.1015625
1 0.35703125 0.12265625 0.089453125 0.1357421875
1 0.2515625 0.15 0.0623046875 0.0841796875
1 0.30859375 0.17578125 0.076171875 0.114453125
1 0.390625 0.1921875 0.0658203125 0.0716796875
1 0.209375 0.23359375 0.0439453125 0.1169921875
1 0.25234375 0.23515625 0.0486328125 0.1