1 0.38828125 0.2765625 0.0796875 0.1279296875
1 0.27734375 0.29296875 0.061328125 0.1138671875
1 0.2375 0.30546875 0.0404296875 0.0828125
1 0.3328125 0.31328125 0.068359375 0.142578125
1 0.434375 0.3203125 0.0466796875 0.0873046875
1 0.465625 0.3609375 0.081640625 0.1375
1 0.26640625 0.3703125 0.0732421875 0.09609375
1 0.40390625 0.4 0.076171875 0.1337890625
1 0.56875 0.4046875 0.0837890625 0.1439453125
1 0.31796875 0.409375 0.0615234375 0.1064453125
1 0.3703125 0.415625 0.055859375 0.109765625
1 0.07421875 0.04609375 0.0484375 0.0921875
1 0.50703125 0.45625 0.0673828125 0.128125
1 0.35234375 0.46171875 0.054296875 0.091796875
1 0.67265625 0.46328125 0.073828125 0.1296875
1 0.446875 0.4703125 0.081640625 0.13359375
1 0.60703125 0.4984375 0.0703125 0.133984375
1 0.3984375 0.52109375 0.065234375 0.1169921875
1 0.5390625 0.54140625 0.0841796875 0.136328125
1 0.7921875 0.5546875 0.0525390625 0.0943359375
1 0.70390625 0.56328125 0.0552734375 0.111328125
1 0.34140625 0.5640625 0.0697265625 0.1099609375
1 0.46328125 0.5703125 0.095703125 0.141015625
1 0.64921875 0.59296875 0.0767578125 0.1294921875
1 0.584375 0.63671875 0.08125 0.129296875
1 0.50703125 0.64453125 0.076171875 0.1263671875
1 0.70859375 0.67109375 0.0615234375 0.1228515625
1 0.66171875 0.70078125 0.064453125 0.114453125
1 0.54921875 0.7078125 0.0478515625 0.0869140625
1 0.49453125 0.73359375 0.0705078125 0.1140625
1 0.71796875 0.75859375 0.0546875 0.1138671875
1 0.62265625 0.76953125 0.0603515625 0.098828125
1 0.57109375 0.7828125 0.0734375 0.1345703125
1 0.68046875 0.80546875 0.055078125 0.109375
1 0.55078125 0.86484375 0.0513671875 0.110546875
1 0.28828125 0.0875 0.075 0.11171875
1 0.59609375 0.89453125 0.0830078125 0.1294921875
1 0.67890625 0.915625 0.0490234375 0.0998046875
1 0.634375 0.9484375 0.0625 0.103125
1 0.35703125 0.12265625 0.0921875 0.1361328125
1 0.2515625 0.15 0.0564453125 0.0810546875
1 0.30859375 0.17578125 0.078125 0.115625
1 0.390625 0.1921875 0.0720703125 0.0775390625
1 0.209375 0.23359375 0.0443359375 0.1169921875
1 0.25234375 0.23515625 0.0509765625 0.101171875