1 0.89453125 0.2390625 0.2109375 0.196875
1 0.73046875 0.253125 0.183203125 0.1875
1 0.353125 0.35390625 0.187109375 0.1830078125
1 0.6765625 0.40703125 0.18515625 0.1890625
1 0.18515625 0.5296875 0.1421875 0.1443359375
1 0.503125 0.5796875 0.0748046875 0.090234375
1 0.41875 0.615625 0.1904296875 0.1810546875
1 0.09296875 0.78359375 0.1859375 0.1921875
1 0.92421875 0.08359375 0.1515625 0.1671875
1 0.9125 0.83828125 0.175 0.1671875
1 0.8015625 0.9421875 0.15 0.115625
1 0.91484375 0.9671875 0.1203125 0.065625