1 0.015625 0.11484375 0.03125 0.0671875
1 0.92421875 0.17578125 0.1515625 0.1765625
1 0.14375 0.21953125 0.1595703125 0.1916015625
1 0.0484375 0.23359375 0.096875 0.2078125
1 0.75546875 0.2421875 0.1517578125 0.22109375
1 0.62578125 0.275 0.142578125 0.1720703125
1 0.21796875 0.32421875 0.136328125 0.1546875
1 0.78515625 0.4015625 0.1392578125 0.18125
1 0.65703125 0.41484375 0.154296875 0.1646484375
1 0.21953125 0.421875 0.138671875 0.14375
1 0.02890625 0.04453125 0.0578125 0.0890625
1 0.62578125 0.51953125 0.051953125 0.089453125
1 0.56171875 0.55546875 0.1197265625 0.16875
1 0.784375 0.61015625 0.1462890625 0.148828125
1 0.66328125 0.621875 0.1333984375 0.1724609375
1 0.48515625 0.63125 0.070703125 0.09375
1 0.5375 0.69453125 0.13828125 0.1486328125
1 0.86171875 0.69609375 0.1107421875 0.1197265625
1 0.6390625 0.70390625 0.0875 0.1041015625
1 0.7421875 0.75703125 0.1470703125 0.1388671875
1 0.64921875 0.81640625 0.0890625 0.1388671875
1 0.5765625 0.83515625 0.137109375 0.146875
1 0.728125 0.86640625 0.13125 0.1646484375
1 0.575 0.92109375 0.109375 0.1138671875
1 0.67109375 0.93359375 0.1166015625 0.123828125
1 0.61796875 0.96953125 0.0640625 0.0609375