1 0.38828125 0.27578125 0.054296875 0.1
1 0.33984375 0.28359375 0.071875 0.1208984375
1 0.2734375 0.2859375 0.072265625 0.13125
1 0.2015625 0.31328125 0.0712890625 0.0919921875
1 0.38671875 0.0328125 0.0671875 0.065625
1 0.58828125 0.34765625 0.080078125 0.1201171875
1 0.65234375 0.34765625 0.082421875 0.1232421875
1 0.425 0.35546875 0.0658203125 0.109375
1 0.265625 0.35703125 0.083984375 0.1138671875
1 0.3390625 0.3609375 0.081640625 0.0875
1 0.20703125 0.384375 0.0546875 0.0720703125
1 0.46328125 0.40546875 0.0765625 0.125
1 0.5203125 0.40546875 0.0595703125 0.0884765625
1 0.18203125 0.04453125 0.0703125 0.0890625
1 0.30078125 0.4734375 0.0583984375 0.1125
1 0.34453125 0.47890625 0.0646484375 0.110546875
1 0.40703125 0.47890625 0.076171875 0.1197265625
1 0.484375 0.515625 0.08828125 0.10546875
1 0.7 0.5265625 0.08046875 0.1224609375
1 0.56328125 0.55546875 0.0921875 0.1453125
1 0.3625 0.559375 0.05078125 0.0689453125
1 0.41953125 0.5671875 0.0705078125 0.0814453125
1 0.63359375 0.575 0.08125 0.1279296875
1 0.5015625 0.590625 0.0654296875 0.1123046875
1 0.1140625 0.06015625 0.0875 0.1177734375
1 0.81953125 0.6140625 0.0892578125 0.1279296875
1 0.465625 0.6234375 0.0314453125 0.08125
1 0.9484375 0.62890625 0.074609375 0.1298828125
1 0.89453125 0.671875 0.089453125 0.1314453125
1 0.5484375 0.68203125 0.087890625 0.1173828125
1 0.615625 0.68671875 0.07578125 0.108203125
1 0.77578125 0.69140625 0.076171875 0.096875
1 0.48828125 0.696875 0.0580078125 0.1029296875
1 0.72734375 0.7046875 0.067578125 0.1224609375
1 0.5609375 0.753125 0.0626953125 0.0568359375
1 0.81796875 0.8109375 0.1044921875 0.153125
1 0.7484375 0.81328125 0.0748046875 0.0857421875
1 0.596875 0.8203125 0.075 0.122265625
1 0.971875 0.8375 0.05625 0.11875
1 0.6640625 0.83984375 0.090234375 0.1427734375
1 0.90703125 0.8515625 0.0982421875 0.1560546875
1 0.71171875 0.8609375 0.051171875 0.116015625
1 0.7734375 0.88046875 0.078515625 0.1421875
1 0.36953125 0.0921875 0.082421875 0.1251953125
1 0.8421875 0.9359375 0.090625 0.128125
1 0.9203125 0.94765625 0.08125 0.0982421875
1 0.97734375 0.94921875 0.0453125 0.0890625
1 0.74609375 0.95546875 0.0796875 0.0890625
1 0.090625 0.1328125 0.072265625 0.0876953125
1 0.0328125 0.15390625 0.053515625 0.0861328125
1 0.4421875 0.15390625 0.075 0.094921875
1 0.2765625 0.1796875 0.0720703125 0.100390625
1 0.48984375 0.22578125 0.0451171875 0.0609375
1 0.20546875 0.23984375 0.078125 0.1078125
1 0.134375 0.24765625 0.0755859375 0.1208984375