1 0.5359375 0.91171875 0.0474609375 0.0728515625
1 0.565625 0.9484375 0.0498046875 0.06484375
1 0.2859375 0.2859375 0.0810546875 0.1130859375
1 0.52734375 0.2890625 0.073046875 0.096875
1 0.2203125 0.31015625 0.07109375 0.1111328125
1 0.44453125 0.35234375 0.071875 0.113671875
1 0.33515625 0.36328125 0.0765625 0.105078125
1 0.5140625 0.365625 0.083984375 0.11875
1 0.64296875 0.38515625 0.0607421875 0.0802734375
1 0.22578125 0.38671875 0.0703125 0.05625
1 0.5515625 0.390625 0.056640625 0.09921875
1 0.39765625 0.40859375 0.0830078125 0.1205078125
1 0.14140625 0.42578125 0.0673828125 0.098828125
1 0.48359375 0.4375 0.0736328125 0.0962890625
1 0.3125 0.43984375 0.078515625 0.1076171875
1 0.69609375 0.48203125 0.051953125 0.0794921875
1 0.6109375 0.48671875 0.05859375 0.0955078125
1 0.53125 0.4953125 0.0849609375 0.11875
1 0.46171875 0.4984375 0.0638671875 0.0537109375
1 0.40234375 0.50546875 0.0703125 0.1044921875
1 0.65390625 0.51953125 0.0580078125 0.0892578125
1 0.8015625 0.52421875 0.0564453125 0.0677734375
1 0.33828125 0.54453125 0.084375 0.1173828125
1 0.459375 0.55546875 0.06328125 0.1107421875
1 0.73671875 0.5765625 0.063671875 0.0875
1 0.4015625 0.596875 0.0658203125 0.093359375
1 0.55078125 0.59765625 0.0611328125 0.06875
1 0.484375 0.603125 0.0662109375 0.0994140625
1 0.625 0.6234375 0.0470703125 0.0779296875
1 0.70546875 0.6328125 0.063671875 0.094140625
1 0.35546875 0.64296875 0.0771484375 0.1078125
1 0.52734375 0.65 0.0609375 0.0787109375
1 0.7484375 0.65078125 0.046875 0.071875
1 0.65546875 0.67265625 0.0642578125 0.1041015625
1 0.58359375 0.68515625 0.0423828125 0.0666015625
1 0.509375 0.69375 0.0501953125 0.0564453125
1 0.703125 0.7 0.0658203125 0.074609375
1 0.77890625 0.70625 0.048046875 0.0779296875
1 0.64140625 0.7234375 0.060546875 0.0689453125
1 0.81796875 0.7375 0.0580078125 0.0744140625
1 0.7671875 0.75625 0.050390625 0.0533203125