1 0.89609375 0.2390625 0.2078125 0.190625
1 0.73046875 0.253125 0.182421875 0.18671875
1 0.353125 0.35390625 0.203125 0.1990234375
1 0.6765625 0.40703125 0.190234375 0.192578125
1 0.18515625 0.5296875 0.151171875 0.1537109375
1 0.503125 0.5796875 0.0810546875 0.094140625
1 0.41875 0.615625 0.1873046875 0.1779296875
1 0.09140625 0.78359375 0.1828125 0.1859375
1 0.925 0.0828125 0.15 0.165625
1 0.9140625 0.8390625 0.166015625 0.15390625
1 0.80078125 0.94140625 0.1515625 0.1171875
1 0.91484375 0.96640625 0.1234375 0.0671875