1 0.65390625 0.38359375 0.190625 0.3044921875
1 0.2125 0.38359375 0.18671875 0.294921875
1 0.5046875 0.38515625 0.19609375 0.309375
1 0.10859375 0.5828125 0.211328125 0.284375
1 0.71015625 0.68984375 0.1390625 0.2927734375
1 0.3625 0.703125 0.249609375 0.3279296875
1 0.6015625 0.73515625 0.2029296875 0.334375
1 0.4484375 0.82890625 0.237890625 0.2923828125
1 0.1859375 0.83984375 0.224609375 0.3166015625
1 0.4453125 0.940625 0.253125 0.11875
1 0.684375 0.96484375 0.203125 0.0703125
1 0.59296875 0.14296875 0.2453125 0.2859375
1 0.9046875 0.14453125 0.165234375 0.264453125
1 0.3390625 0.31953125 0.205859375 0.3138671875
1 0.8328125 0.3625 0.256640625 0.3498046875