1 0.70078125 0.0265625 0.051171875 0.04765625
1 0.528125 0.27578125 0.128125 0.1541015625
1 0.35390625 0.334375 0.1259765625 0.1466796875
1 0.4 0.4015625 0.1498046875 0.194140625
1 0.28984375 0.4328125 0.1259765625 0.1595703125
1 0.56875 0.44453125 0.12421875 0.170703125
1 0.628125 0.446875 0.062109375 0.14453125
1 0.7875 0.5015625 0.1154296875 0.1181640625
1 0.49375 0.50234375 0.1193359375 0.188671875
1 0.3734375 0.5265625 0.11015625 0.134765625
1 0.62578125 0.5359375 0.057421875 0.0650390625
1 0.790625 0.58984375 0.116015625 0.1392578125
1 0.68984375 0.60703125 0.1103515625 0.1333984375
1 0.63203125 0.61328125 0.0640625 0.1166015625
1 0.4515625 0.62265625 0.140234375 0.1853515625
1 0.54609375 0.625 0.085546875 0.143359375
1 0.796875 0.6875 0.1125 0.1251953125
1 0.7078125 0.71875 0.112890625 0.127734375
1 0.6375 0.73125 0.06875 0.11328125
1 0.81875 0.95625 0.1375 0.0875