1 0.89609375 0.2390625 0.2078125 0.19375
1 0.73046875 0.253125 0.179296875 0.183984375
1 0.353125 0.35390625 0.19453125 0.1919921875
1 0.6765625 0.40703125 0.1875 0.190625
1 0.18515625 0.5296875 0.151171875 0.1537109375
1 0.503125 0.5796875 0.0787109375 0.09375
1 0.41875 0.615625 0.1779296875 0.1681640625
1 0.08984375 0.78359375 0.1796875 0.1796875
1 0.92265625 0.084375 0.1546875 0.16875
1 0.91328125 0.83828125 0.1734375 0.1640625
1 0.80078125 0.94375 0.1453125 0.1125
1 0.91484375 0.96796875 0.1171875 0.0640625