1 0.45859375 0.17265625 0.3140625 0.244921875
1 0.8140625 0.2796875 0.34375 0.247265625
1 0.38359375 0.03984375 0.2265625 0.0796875
1 0.5703125 0.37578125 0.2744140625 0.2083984375
1 0.16328125 0.44609375 0.2890625 0.248046875
1 0.29765625 0.05703125 0.1419921875 0.1017578125
1 0.8046875 0.6015625 0.3275390625 0.2435546875
1 0.13984375 0.61328125 0.1146484375 0.1482421875
1 0.26328125 0.621875 0.2166015625 0.1716796875
1 0.9453125 0.62421875 0.109375 0.1890625
1 0.51015625 0.6515625 0.2517578125 0.2162109375
1 0.3890625 0.67734375 0.1658203125 0.1427734375
1 0.68125 0.67890625 0.3212890625 0.2326171875
1 0.50546875 0.84140625 0.2171875 0.1728515625
1 0.8625 0.88203125 0.234765625 0.1759765625
1 0.6453125 0.88359375 0.2130859375 0.1576171875