1 0.45859375 0.17265625 0.3234375 0.259375
1 0.8140625 0.2796875 0.334375 0.234375
1 0.38359375 0.03828125 0.2234375 0.0765625
1 0.5703125 0.37578125 0.2720703125 0.2076171875
1 0.16328125 0.44609375 0.279296875 0.234375
1 0.29765625 0.05703125 0.1365234375 0.0923828125
1 0.8046875 0.6015625 0.3283203125 0.2462890625
1 0.13984375 0.61328125 0.1169921875 0.1490234375
1 0.26328125 0.621875 0.2080078125 0.1619140625
1 0.94375 0.62421875 0.1125 0.1921875
1 0.51015625 0.6515625 0.2451171875 0.2087890625
1 0.3890625 0.67734375 0.1689453125 0.1458984375
1 0.68125 0.67890625 0.3158203125 0.2240234375
1 0.50546875 0.84140625 0.228125 0.1884765625
1 0.8625 0.88203125 0.237109375 0.1767578125
1 0.6453125 0.88359375 0.2095703125 0.1513671875