1 0.27890625 0.23359375 0.0708984375 0.0828125
1 0.20390625 0.271875 0.0705078125 0.0841796875
1 0.1359375 0.28203125 0.0724609375 0.0921875
1 0.3875 0.30546875 0.053515625 0.0853515625
1 0.34140625 0.3125 0.0705078125 0.102734375
1 0.27109375 0.31875 0.08125 0.11171875
1 0.20234375 0.34140625 0.0611328125 0.070703125
1 0.6421875 0.3578125 0.0658203125 0.0748046875
1 0.5875 0.36875 0.078125 0.1005859375
1 0.42265625 0.37890625 0.0666015625 0.0857421875
1 0.334375 0.38359375 0.0681640625 0.075
1 0.26015625 0.384375 0.0796875 0.0814453125
1 0.20546875 0.396875 0.0546875 0.0623046875
1 0.2234375 0.04140625 0.075 0.0828125
1 0.46171875 0.41796875 0.08125 0.1080078125
1 0.51796875 0.42421875 0.0580078125 0.0923828125
1 0.34609375 0.4703125 0.0673828125 0.0962890625
1 0.30078125 0.4734375 0.0642578125 0.0970703125
1 0.40703125 0.4765625 0.0890625 0.106640625
1 0.48203125 0.5109375 0.073828125 0.084765625
1 0.69765625 0.5265625 0.0765625 0.1095703125
1 0.36171875 0.54296875 0.0583984375 0.064453125
1 0.565625 0.54765625 0.080859375 0.1103515625
1 0.41953125 0.55234375 0.0697265625 0.065625
1 0.634375 0.5625 0.0873046875 0.1099609375
1 0.50546875 0.5765625 0.0736328125 0.109375
1 0.8234375 0.5953125 0.0970703125 0.1099609375
1 0.46640625 0.59921875 0.0388671875 0.0703125
1 0.94765625 0.60703125 0.090625 0.1146484375
1 0.05234375 0.06328125 0.0677734375 0.0916015625
1 0.8921875 0.6453125 0.07734375 0.100390625
1 0.540625 0.64765625 0.077734375 0.10625
1 0.6109375 0.653125 0.080859375 0.0974609375
1 0.7796875 0.65859375 0.08125 0.0982421875
1 0.7296875 0.6640625 0.065625 0.115234375
1 0.484375 0.66875 0.053515625 0.081640625
1 0.56328125 0.71796875 0.0708984375 0.060546875
1 0.8203125 0.75234375 0.0931640625 0.1208984375
1 0.75 0.75703125 0.0658203125 0.0607421875
1 0.59765625 0.77109375 0.076953125 0.0951171875
1 0.9703125 0.78046875 0.059375 0.0953125
1 0.6625 0.7859375 0.0849609375 0.1212890625
1 0.9078125 0.79140625 0.08984375 0.1298828125
1 0.3875 0.08125 0.053125 0.066015625
1 0.72109375 0.803125 0.05625 0.0939453125
1 0.77421875 0.8125 0.075 0.1119140625
1 0.84140625 0.86328125 0.0853515625 0.105078125
1 0.97421875 0.871875 0.0453125 0.0595703125
1 0.91640625 0.8796875 0.076953125 0.090625
1 0.74765625 0.8890625 0.0828125 0.0998046875
1 0.81640625 0.9140625 0.084375 0.074609375
1 0.88203125 0.93359375 0.0697265625 0.06875
1 0.91328125 0.97109375 0.0421875 0.0578125
1 0.18359375 0.09921875 0.0666015625 0.096875
1 0.1125 0.12578125 0.08046875 0.101171875
1 0.36953125 0.146875 0.0728515625 0.09375
1 0.08828125 0.18359375 0.0734375 0.06875
1 0.44609375 0.2046875 0.0615234375 0.065625
1 0.03203125 0.20859375 0.0578125 0.0701171875