1 0.38828125 0.27578125 0.057421875 0.1015625
1 0.33984375 0.28359375 0.082421875 0.1263671875
1 0.2734375 0.2859375 0.087890625 0.137890625
1 0.2015625 0.31328125 0.0662109375 0.0888671875
1 0.38671875 0.03359375 0.0703125 0.0671875
1 0.58828125 0.34765625 0.0859375 0.1232421875
1 0.65234375 0.34765625 0.073828125 0.1197265625
1 0.425 0.35546875 0.0654296875 0.108203125
1 0.265625 0.35703125 0.081640625 0.1138671875
1 0.3390625 0.3609375 0.078515625 0.084375
1 0.20703125 0.384375 0.057421875 0.0744140625
1 0.46328125 0.40546875 0.080078125 0.126953125
1 0.5203125 0.40546875 0.0626953125 0.0892578125
1 0.18125 0.04453125 0.071875 0.0890625
1 0.30078125 0.4734375 0.0708984375 0.118359375
1 0.34453125 0.47890625 0.0708984375 0.1125
1 0.40703125 0.47890625 0.073828125 0.1173828125
1 0.484375 0.515625 0.08671875 0.102734375
1 0.7 0.5265625 0.071484375 0.1189453125
1 0.56328125 0.55546875 0.092578125 0.1453125
1 0.3625 0.559375 0.05078125 0.0689453125
1 0.41953125 0.5671875 0.0732421875 0.0837890625
1 0.63359375 0.575 0.080078125 0.1279296875
1 0.5015625 0.590625 0.0689453125 0.1130859375
1 0.1140625 0.06015625 0.077734375 0.1115234375
1 0.81953125 0.6140625 0.0861328125 0.1251953125
1 0.465625 0.6234375 0.0314453125 0.08125
1 0.9484375 0.62890625 0.08125 0.1330078125
1 0.89453125 0.671875 0.086328125 0.1306640625
1 0.5484375 0.68203125 0.080859375 0.1134765625
1 0.615625 0.68671875 0.08671875 0.114453125
1 0.77578125 0.69140625 0.084375 0.104296875
1 0.48828125 0.696875 0.0611328125 0.1037109375
1 0.72734375 0.7046875 0.060546875 0.1212890625
1 0.5609375 0.753125 0.0619140625 0.0556640625
1 0.81796875 0.8109375 0.0990234375 0.150390625
1 0.7484375 0.81328125 0.0748046875 0.0857421875
1 0.596875 0.8203125 0.0875 0.12890625
1 0.96875 0.8375 0.0625 0.121875
1 0.6640625 0.83984375 0.080859375 0.1388671875
1 0.90703125 0.8515625 0.1041015625 0.1568359375
1 0.71171875 0.8609375 0.051953125 0.11640625
1 0.7734375 0.88046875 0.078125 0.1421875
1 0.36953125 0.0921875 0.078125 0.1224609375
1 0.8421875 0.93515625 0.09375 0.1296875
1 0.9203125 0.94765625 0.080859375 0.0978515625
1 0.9765625 0.95 0.046875 0.090625
1 0.74609375 0.95546875 0.0828125 0.0890625
1 0.090625 0.1328125 0.072265625 0.0876953125
1 0.0328125 0.15390625 0.053515625 0.0861328125
1 0.4421875 0.15390625 0.080859375 0.0984375
1 0.2765625 0.1796875 0.0775390625 0.103125
1 0.48984375 0.22578125 0.0419921875 0.059375
1 0.20546875 0.23984375 0.0890625 0.114453125
1 0.134375 0.24765625 0.0693359375 0.1177734375