1 0.77265625 0.77578125 0.0673828125 0.0853515625
1 0.6 0.8046875 0.0470703125 0.0931640625
1 0.640625 0.8203125 0.0630859375 0.0814453125
1 0.83984375 0.1296875 0.048046875 0.084375
1 0.68984375 0.17890625 0.0640625 0.0771484375
1 0.721875 0.2 0.059765625 0.0900390625
1 0.7734375 0.20390625 0.0537109375 0.073046875
1 0.88671875 0.20625 0.0353515625 0.06953125
1 0.821875 0.20703125 0.050390625 0.0798828125
1 0.865625 0.228125 0.05 0.07421875
1 0.75703125 0.25078125 0.058203125 0.0802734375
1 0.7265625 0.2703125 0.0318359375 0.0529296875
1 0.621875 0.28046875 0.0712890625 0.1015625
1 0.66015625 0.28359375 0.044921875 0.080078125
1 0.840625 0.284375 0.0505859375 0.0712890625
1 0.8765625 0.29375 0.0404296875 0.068359375
1 0.903125 0.30546875 0.0404296875 0.0642578125
1 0.784375 0.30625 0.055859375 0.0841796875
1 0.60625 0.321875 0.0587890625 0.0845703125
1 0.740625 0.328125 0.0505859375 0.0712890625
1 0.82734375 0.340625 0.0384765625 0.066015625
1 0.859375 0.3578125 0.047265625 0.072265625
1 0.6984375 0.365625 0.046875 0.0712890625
1 0.77734375 0.03671875 0.0546875 0.0705078125
1 0.65546875 0.3703125 0.0580078125 0.0912109375
1 0.8078125 0.371875 0.05625 0.0775390625
1 0.8609375 0.403125 0.0375 0.0525390625
1 0.734375 0.40546875 0.062109375 0.0798828125
1 0.83125 0.4140625 0.0533203125 0.084765625
1 0.6328125 0.41875 0.0537109375 0.0810546875
1 0.7890625 0.42421875 0.05 0.073046875
1 0.68125 0.44140625 0.0587890625 0.084375
1 0.6078125 0.471875 0.06015625 0.0560546875
1 0.8125 0.04765625 0.050390625 0.0802734375
1 0.73125 0.47734375 0.05703125 0.075
1 0.78984375 0.48203125 0.059375 0.0603515625
1 0.565625 0.4953125 0.0529296875 0.0869140625
1 0.51640625 0.5078125 0.0625 0.094140625
1 0.47578125 0.51796875 0.0484375 0.073828125
1 0.62109375 0.52109375 0.0625 0.091796875
1 0.6703125 0.52578125 0.0626953125 0.083203125
1 0.34453125 0.53515625 0.0708984375 0.1021484375
1 0.79921875 0.54765625 0.0671875 0.0875
1 0.57265625 0.565625 0.053125 0.0748046875
1 0.73984375 0.57421875 0.064453125 0.0958984375
1 0.6953125 0.59296875 0.05625 0.0765625
1 0.4484375 0.60078125 0.07109375 0.0888671875
1 0.603125 0.6046875 0.040625 0.091015625
1 0.5140625 0.6171875 0.059765625 0.1060546875
1 0.634375 0.61796875 0.059375 0.0826171875
1 0.77890625 0.6296875 0.0607421875 0.0841796875
1 0.42265625 0.64453125 0.0576171875 0.0830078125
1 0.73984375 0.6515625 0.058203125 0.08125
1 0.47109375 0.65546875 0.0580078125 0.0701171875
1 0.796875 0.65859375 0.05078125 0.060546875
1 0.69609375 0.69140625 0.0638671875 0.0828125
1 0.746875 0.721875 0.053125 0.0900390625
1 0.65390625 0.725 0.046875 0.06953125
1 0.7 0.74375 0.0443359375 0.05
1 0.8203125 0.7453125 0.059375 0.075