1 0.27890625 0.23359375 0.0728515625 0.083203125
1 0.20390625 0.271875 0.0677734375 0.0818359375
1 0.1359375 0.28203125 0.0720703125 0.0921875
1 0.3875 0.30546875 0.05078125 0.0833984375
1 0.34140625 0.3125 0.0736328125 0.103515625
1 0.27109375 0.31875 0.075 0.10703125
1 0.20234375 0.34140625 0.0634765625 0.073046875
1 0.6421875 0.3578125 0.0689453125 0.0775390625
1 0.5875 0.36875 0.080859375 0.1033203125
1 0.42265625 0.37890625 0.0634765625 0.0830078125
1 0.334375 0.38359375 0.0689453125 0.0765625
1 0.26015625 0.384375 0.0796875 0.0814453125
1 0.20546875 0.396875 0.057421875 0.0650390625
1 0.22421875 0.04140625 0.0734375 0.0828125
1 0.46171875 0.41796875 0.076953125 0.1072265625
1 0.51796875 0.42421875 0.0642578125 0.0958984375
1 0.34609375 0.4703125 0.0603515625 0.0912109375
1 0.30078125 0.4734375 0.0642578125 0.0970703125
1 0.40703125 0.4765625 0.083203125 0.103125
1 0.48203125 0.5109375 0.0734375 0.084375
1 0.69765625 0.5265625 0.0828125 0.1126953125
1 0.36171875 0.54296875 0.0583984375 0.064453125
1 0.565625 0.54765625 0.080859375 0.1103515625
1 0.41953125 0.55234375 0.0736328125 0.0703125
1 0.634375 0.5625 0.0931640625 0.1150390625
1 0.50546875 0.5765625 0.0740234375 0.109375
1 0.8234375 0.5953125 0.0900390625 0.1037109375
1 0.46640625 0.59921875 0.0392578125 0.070703125
1 0.94765625 0.60703125 0.086328125 0.1134765625
1 0.05234375 0.06328125 0.0677734375 0.0916015625
1 0.8921875 0.6453125 0.078515625 0.102734375
1 0.540625 0.64765625 0.084375 0.1109375
1 0.6109375 0.653125 0.078125 0.0962890625
1 0.7796875 0.65859375 0.08125 0.0982421875
1 0.7296875 0.6640625 0.06484375 0.11484375
1 0.484375 0.66875 0.05078125 0.08125
1 0.56328125 0.71796875 0.0669921875 0.053125
1 0.8203125 0.75234375 0.0966796875 0.1236328125
1 0.75 0.75703125 0.0716796875 0.0669921875
1 0.59765625 0.77109375 0.0765625 0.0927734375
1 0.96953125 0.78046875 0.0609375 0.0953125
1 0.6625 0.7859375 0.0873046875 0.1220703125
1 0.9078125 0.79140625 0.087109375 0.1291015625
1 0.3875 0.08125 0.052734375 0.065625
1 0.72109375 0.803125 0.0546875 0.0939453125
1 0.77421875 0.8125 0.073828125 0.1099609375
1 0.84140625 0.86328125 0.0833984375 0.1046875
1 0.97421875 0.871875 0.045703125 0.0595703125
1 0.91640625 0.8796875 0.079296875 0.09140625
1 0.74765625 0.8890625 0.079296875 0.0962890625
1 0.81640625 0.9140625 0.08125 0.07109375
1 0.88203125 0.93359375 0.0638671875 0.0625
1 0.9140625 0.971875 0.0408203125 0.0560546875
1 0.18359375 0.09921875 0.0697265625 0.0984375
1 0.1125 0.12578125 0.077734375 0.098828125
1 0.36953125 0.146875 0.0701171875 0.09296875
1 0.08828125 0.18359375 0.076953125 0.073046875
1 0.44609375 0.2046875 0.0607421875 0.065234375
1 0.03203125 0.20859375 0.057421875 0.0701171875