1 0.41640625 0.2078125 0.0291015625 0.0380859375
1 0.94609375 0.2125 0.033203125 0.04453125
1 0.42890625 0.26171875 0.032421875 0.0322265625
1 0.93359375 0.27421875 0.0478515625 0.0419921875
1 0.36875 0.2828125 0.0224609375 0.034765625
1 0.64375 0.2828125 0.066015625 0.0875
1 0.528125 0.29296875 0.0869140625 0.1015625
1 0.33203125 0.303125 0.0232421875 0.034765625
1 0.7375 0.03046875 0.0275390625 0.0392578125
1 0.9859375 0.3078125 0.028125 0.0375
1 0.4375 0.31640625 0.0310546875 0.0396484375
1 0.4625 0.33828125 0.01953125 0.0326171875
1 0.58671875 0.35390625 0.071875 0.095703125
1 0.44765625 0.35625 0.035546875 0.0400390625
1 0.525 0.36640625 0.0494140625 0.055078125
1 0.77265625 0.3796875 0.073046875 0.1029296875
1 0.8484375 0.39140625 0.0619140625 0.0767578125
1 0.7203125 0.4 0.0619140625 0.0912109375
1 0.90234375 0.42578125 0.0802734375 0.098046875
1 0.94375 0.42578125 0.0443359375 0.088671875
1 0.6671875 0.4265625 0.0810546875 0.10859375
1 0.4875 0.4296875 0.0375 0.046484375
1 0.7875 0.43125 0.06875 0.080859375
1 0.9765625 0.44140625 0.046875 0.0890625
1 0.46640625 0.44453125 0.0427734375 0.0517578125
1 0.97109375 0.046875 0.0546875 0.0431640625
1 0.02734375 0.49609375 0.0447265625 0.0546875
1 0.959375 0.50703125 0.0787109375 0.0828125
1 0.70390625 0.52734375 0.088671875 0.101953125
1 0.53046875 0.53359375 0.0853515625 0.1134765625
1 0.86875 0.05546875 0.053515625 0.0541015625
1 0.87265625 0.55234375 0.0576171875 0.0796875
1 0.6078125 0.55625 0.0814453125 0.093359375
1 0.77890625 0.5625 0.0736328125 0.0908203125
1 0.9359375 0.565625 0.0275390625 0.034765625
1 0.89765625 0.5734375 0.0703125 0.081640625
1 0.95703125 0.5765625 0.0326171875 0.0412109375
1 0.2953125 0.57890625 0.0873046875 0.1142578125
1 0.66328125 0.5828125 0.0759765625 0.046875
1 0.1359375 0.58984375 0.03984375 0.0416015625
1 0.4125 0.5984375 0.055859375 0.05859375
1 0.73046875 0.06171875 0.0427734375 0.0453125
1 0.37734375 0.6125 0.033203125 0.0474609375
1 0.34765625 0.61640625 0.0423828125 0.059375
1 0.65390625 0.63828125 0.0802734375 0.095703125
1 0.871875 0.65546875 0.0814453125 0.1015625
1 0.19765625 0.6609375 0.0423828125 0.044140625
1 0.1578125 0.66171875 0.0404296875 0.038671875
1 0.46640625 0.665625 0.0701171875 0.09296875
1 0.0984375 0.66796875 0.0275390625 0.0330078125
1 0.05625 0.6828125 0.0248046875 0.0283203125
1 0.428125 0.69921875 0.09375 0.1236328125
1 0.00859375 0.70234375 0.0171875 0.0265625
1 0.87890625 0.07109375 0.0490234375 0.0484375
1 0.684375 0.709375 0.0408203125 0.044140625
1 0.73046875 0.71015625 0.033203125 0.042578125
1 0.7734375 0.7125 0.034375 0.0494140625
1 0.8828125 0.71796875 0.0599609375 0.069921875
1 0.80390625 0.7421875 0.0603515625 0.08125
1 0.571875 0.07421875 0.033984375 0.0416015625
1 0.2140625 0.74609375 0.052734375 0.0583984375
1 0.49609375 0.7484375 0.0298828125 0.04140625
1 0.09921875 0.7578125 0.0419921875 0.053125
1 0.3296875 0.76640625 0.0591796875 0.0759765625
1 0.78984375 0.784375 0.036328125 0.037109375
1 0.26640625 0.78671875 0.0455078125 0.05625
1 0.090625 0.79453125 0.0412109375 0.0490234375
1 0.76875 0.803125 0.037890625 0.0498046875
1 0.75078125 0.81640625 0.0291015625 0.0453125
1 0.84140625 0.81875 0.0232421875 0.034375
1 0.1796875 0.821875 0.077734375 0.093359375
1 0.6796875 0.83203125 0.03359375 0.042578125
1 0.6625 0.83984375 0.031640625 0.0421875
1 0.628125 0.85625 0.034765625 0.0494140625
1 0.4171875 0.90703125 0.096875 0.111328125
1 0.62734375 0.925 0.0330078125 0.046484375
1 0.22109375 0.9296875 0.0240234375 0.034765625
1 0.2546875 0.9296875 0.0248046875 0.034375
1 0.17734375 0.953125 0.0392578125 0.04375
1 0.49453125 0.96015625 0.0921875 0.0796875
1 0.0546875 0.9609375 0.049609375 0.06015625
1 0.540625 0.975 0.075 0.05
1 0.678125 0.978125 0.053125 0.04375
1 0.0109375 0.98359375 0.01875 0.0328125
1 0.7375 0.1015625 0.03125 0.059375
1 0.315625 0.11328125 0.0275390625 0.0330078125
1 0.62421875 0.1234375 0.033203125 0.043359375
1 0.4921875 0.12890625 0.0255859375 0.0330078125
1 0.56875 0.153125 0.015234375 0.0220703125
1 0.5953125 0.15546875 0.0283203125 0.044921875
1 0.40078125 0.0171875 0.0484375 0.034375
1 0.721875 0.17734375 0.0494140625 0.0509765625
1 0.9015625 0.17734375 0.03359375 0.035546875
1 0.428125 0.1828125 0.0287109375 0.03515625