1 0.91328125 0.17890625 0.0416015625 0.046875
1 0.9484375 0.18984375 0.03984375 0.048046875
1 0.9796875 0.0203125 0.040625 0.040625
1 0.74453125 0.3 0.0583984375 0.078515625
1 0.94296875 0.03203125 0.0609375 0.0640625
1 0.490625 0.30859375 0.068359375 0.0923828125
1 0.80625 0.3109375 0.066015625 0.084375
1 0.275 0.3140625 0.062890625 0.0908203125
1 0.5484375 0.3140625 0.0751953125 0.1150390625
1 0.334375 0.34140625 0.04453125 0.0734375
1 0.0984375 0.35625 0.077734375 0.102734375
1 0.89375 0.371875 0.058984375 0.081640625
1 0.80234375 0.3921875 0.0603515625 0.0900390625
1 0.58828125 0.40703125 0.0669921875 0.1046875
1 0.53125 0.409375 0.065234375 0.0943359375
1 0.86875 0.43046875 0.053515625 0.076171875
1 0.0765625 0.4375 0.07109375 0.0912109375
1 0.47578125 0.46328125 0.061328125 0.09375
1 0.225 0.46640625 0.0876953125 0.1125
1 0.790625 0.46875 0.0439453125 0.080859375
1 0.825 0.47578125 0.0654296875 0.0927734375
1 0.34453125 0.478125 0.08125 0.103515625
1 0.1328125 0.4828125 0.05859375 0.1162109375
1 0.15546875 0.51875 0.0736328125 0.099609375
1 0.58515625 0.521875 0.0736328125 0.108984375
1 0.48203125 0.546875 0.0578125 0.0845703125
1 0.26640625 0.5671875 0.0458984375 0.075
1 0.325 0.58125 0.0625 0.072265625
1 0.14140625 0.584375 0.084375 0.0970703125
1 0.22109375 0.59765625 0.069921875 0.1115234375
1 0.34921875 0.61953125 0.0642578125 0.0947265625
1 0.203125 0.6734375 0.0529296875 0.058984375
1 0.98984375 0.071875 0.0203125 0.08125
1 0.7296875 0.759375 0.06015625 0.0904296875
1 0.675 0.78359375 0.06328125 0.073046875
1 0.64375 0.815625 0.03828125 0.0630859375
1 0.8078125 0.8453125 0.078515625 0.097265625
1 0.740625 0.8609375 0.06796875 0.1123046875
1 0.68125 0.86484375 0.062890625 0.1080078125
1 0.3859375 0.90703125 0.04765625 0.071875
1 0.54375 0.91875 0.0685546875 0.103515625
1 0.5984375 0.93125 0.065625 0.0876953125
1 0.8203125 0.93125 0.065234375 0.10078125
1 0.35703125 0.946875 0.0451171875 0.0681640625
1 0.75859375 0.95234375 0.0734375 0.0953125
1 0.959375 0.09609375 0.0556640625 0.079296875
1 0.03671875 0.95859375 0.0734375 0.0828125
1 0.3140625 0.96796875 0.037109375 0.051953125
1 0.3484375 0.9875 0.040625 0.025
1 0.9734375 0.1421875 0.053125 0.075