1 0.015625 0.11484375 0.03125 0.0671875
1 0.92578125 0.17578125 0.1484375 0.1734375
1 0.14375 0.21953125 0.1591796875 0.1896484375
1 0.04765625 0.23359375 0.0953125 0.2078125
1 0.75546875 0.2421875 0.1353515625 0.21015625
1 0.62578125 0.275 0.1390625 0.1689453125
1 0.21796875 0.32421875 0.134375 0.151953125
1 0.78515625 0.4015625 0.1427734375 0.184375
1 0.65703125 0.41484375 0.154296875 0.1646484375
1 0.21953125 0.421875 0.129296875 0.134765625
1 0.03046875 0.0453125 0.0609375 0.090625
1 0.62578125 0.51953125 0.054296875 0.090625
1 0.56171875 0.55546875 0.1080078125 0.163671875
1 0.784375 0.61015625 0.1380859375 0.142578125
1 0.66328125 0.621875 0.1271484375 0.1689453125
1 0.48515625 0.63125 0.078125 0.099609375
1 0.5375 0.69453125 0.128125 0.1392578125
1 0.86171875 0.69609375 0.1115234375 0.1201171875
1 0.6390625 0.70390625 0.096484375 0.1107421875
1 0.7421875 0.75703125 0.1529296875 0.1447265625
1 0.64921875 0.81640625 0.092578125 0.1396484375
1 0.5765625 0.83515625 0.13515625 0.1453125
1 0.728125 0.86640625 0.128125 0.1634765625
1 0.575 0.92109375 0.11796875 0.1205078125
1 0.67109375 0.93359375 0.1205078125 0.128125
1 0.6171875 0.9703125 0.059375 0.059375