1 0.92265625 0.0171875 0.0609375 0.034375
1 0.74453125 0.021875 0.0671875 0.04375
1 0.4265625 0.215625 0.169140625 0.2060546875
1 0.59296875 0.225 0.065625 0.125390625
1 0.1234375 0.2421875 0.053515625 0.08125
1 0.60859375 0.2921875 0.1 0.106640625
1 0.45859375 0.32734375 0.086328125 0.0951171875
1 0.3671875 0.33828125 0.1212890625 0.16875
1 0.26640625 0.34296875 0.1634765625 0.1984375
1 0.68984375 0.36640625 0.1541015625 0.188671875
1 0.5546875 0.3953125 0.16875 0.2189453125
1 0.4265625 0.41953125 0.137890625 0.1857421875
1 0.75859375 0.42890625 0.1541015625 0.215625
1 0.11328125 0.453125 0.08125 0.099609375
1 0.240625 0.45859375 0.15078125 0.1705078125
1 0.6453125 0.50625 0.1287109375 0.1724609375
1 0.35703125 0.52109375 0.1365234375 0.123046875
1 0.81640625 0.05859375 0.1453125 0.1171875
1 0.52109375 0.5703125 0.1375 0.187109375
1 0.40078125 0.6125 0.1513671875 0.193359375
1 0.2578125 0.61875 0.1681640625 0.2033203125
1 0.02421875 0.7734375 0.0484375 0.084375
1 0.14765625 0.8234375 0.0740234375 0.100390625
1 0.4203125 0.8546875 0.0724609375 0.0994140625
1 0.2734375 0.85625 0.0875 0.105859375
1 0.06875 0.87421875 0.1375 0.2109375
1 0.715625 0.875 0.087109375 0.10546875
1 0.7796875 0.91171875 0.069140625 0.0947265625
1 0.3296875 0.9203125 0.090234375 0.0998046875
1 0.634375 0.928125 0.099609375 0.1244140625
1 0.5734375 0.94140625 0.04765625 0.0794921875
1 0.84140625 0.95859375 0.0984375 0.0828125
1 0.69296875 0.9609375 0.1078125 0.078125
1 0.76328125 0.96875 0.0671875 0.0625
1 0.20703125 0.1484375 0.045703125 0.0568359375