1 0.65078125 0.1625 0.0455078125 0.0623046875
1 0.10859375 0.1890625 0.0697265625 0.0845703125
1 0.19375 0.20078125 0.091015625 0.129296875
1 0.42890625 0.2359375 0.0640625 0.0912109375
1 0.7578125 0.25234375 0.087890625 0.128125
1 0.475 0.2984375 0.0498046875 0.094140625
1 0.20625 0.29921875 0.0564453125 0.0958984375
1 0.41796875 0.3078125 0.0513671875 0.0810546875
1 0.25234375 0.31171875 0.0798828125 0.108203125
1 0.71953125 0.3203125 0.0697265625 0.0900390625
1 0.48828125 0.33671875 0.0396484375 0.0552734375
1 0.0359375 0.034375 0.037890625 0.0591796875
1 0.52890625 0.3546875 0.063671875 0.0931640625
1 0.45 0.3734375 0.0560546875 0.0755859375
1 0.49140625 0.39375 0.0390625 0.0498046875
1 0.23671875 0.3984375 0.0677734375 0.10625
1 0.5484375 0.45234375 0.0529296875 0.0638671875
1 0.20703125 0.4625 0.044921875 0.0591796875
1 0.90859375 0.49453125 0.1009765625 0.1328125
1 0.96796875 0.5578125 0.0640625 0.115625
1 0.5 0.56796875 0.0814453125 0.134375
1 0.25703125 0.05859375 0.048828125 0.0728515625
1 0.77578125 0.6125 0.0951171875 0.11953125
1 0.83046875 0.6484375 0.0923828125 0.0751953125
1 0.5421875 0.65703125 0.0810546875 0.1203125
1 0.590625 0.665625 0.0537109375 0.130859375
1 0.47890625 0.68984375 0.0642578125 0.0916015625
1 0.3015625 0.7015625 0.0970703125 0.152734375
1 0.878125 0.734375 0.1033203125 0.11796875
1 0.5546875 0.74296875 0.0873046875 0.0884765625
1 0.35546875 0.79609375 0.0697265625 0.142578125
1 0.7796875 0.84453125 0.1279296875 0.1634765625
1 0.6390625 0.87578125 0.105859375 0.160546875
1 0.69609375 0.909375 0.0833984375 0.1751953125
1 0.3625 0.92578125 0.06875 0.1484375