1 0.69921875 0.6296875 0.0826171875 0.05
1 0.47265625 0.6359375 0.0736328125 0.0494140625
1 0.4171875 0.64296875 0.07734375 0.059375
1 0.25625 0.065625 0.0505859375 0.03203125
1 0.7390625 0.6625 0.1150390625 0.0880859375
1 0.63828125 0.66640625 0.0830078125 0.0482421875
1 0.39765625 0.696875 0.1390625 0.084765625
1 0.35 0.7265625 0.1130859375 0.0837890625
1 0.5375 0.74921875 0.106640625 0.0861328125
1 0.671875 0.753125 0.047265625 0.050390625
1 0.021875 0.07734375 0.04375 0.0390625
1 0.45703125 0.7859375 0.0921875 0.066015625
1 0.32109375 0.18359375 0.078125 0.0490234375
1 0.40234375 0.26015625 0.0669921875 0.0423828125
1 0.48984375 0.26796875 0.08125 0.0453125
1 0.375 0.2921875 0.07421875 0.0376953125
1 0.54765625 0.36953125 0.096875 0.066796875
1 0.3390625 0.371875 0.074609375 0.0650390625
1 0.55546875 0.428125 0.078125 0.05625
1 0.35 0.4546875 0.083984375 0.0681640625
1 0.60078125 0.48046875 0.0609375 0.0482421875
1 0.41640625 0.49296875 0.0896484375 0.051171875
1 0.6640625 0.496875 0.1119140625 0.081640625
1 0.5734375 0.51640625 0.0783203125 0.0482421875
1 0.56640625 0.56796875 0.1138671875 0.0798828125
1 0.46328125 0.57421875 0.1013671875 0.067578125
1 0.66171875 0.58203125 0.0990234375 0.0765625