1 0.37421875 0.321875 0.13125 0.15703125
1 0.04140625 0.41796875 0.0828125 0.1734375
1 0.11640625 0.45546875 0.1326171875 0.166796875
1 0.571875 0.46171875 0.1064453125 0.120703125
1 0.25234375 0.46953125 0.1333984375 0.1802734375
1 0.33984375 0.4859375 0.110546875 0.165234375
1 0.434375 0.525 0.1275390625 0.178125
1 0.16875 0.59921875 0.1162109375 0.155078125
1 0.546875 0.6203125 0.134375 0.165625
1 0.44921875 0.684375 0.13125 0.19296875
1 0.2046875 0.6921875 0.0810546875 0.140234375
1 0.58984375 0.69609375 0.0853515625 0.091796875
1 0.1578125 0.69609375 0.0494140625 0.0765625
1 0.51484375 0.73203125 0.0677734375 0.1044921875
1 0.8359375 0.75234375 0.1287109375 0.161328125
1 0.65078125 0.85859375 0.0853515625 0.1515625
1 0.5859375 0.86875 0.1306640625 0.16953125