1 0.37421875 0.321875 0.1265625 0.15546875
1 0.04140625 0.41796875 0.0828125 0.1734375
1 0.11640625 0.45546875 0.1361328125 0.169921875
1 0.571875 0.46171875 0.1033203125 0.117578125
1 0.25234375 0.46953125 0.1427734375 0.1865234375
1 0.33984375 0.4859375 0.116796875 0.168359375
1 0.434375 0.525 0.1251953125 0.177734375
1 0.16875 0.59921875 0.1154296875 0.1546875
1 0.546875 0.6203125 0.134375 0.165625
1 0.44921875 0.684375 0.1296875 0.191015625
1 0.2046875 0.6921875 0.0837890625 0.140625
1 0.58984375 0.69609375 0.0892578125 0.0953125
1 0.1578125 0.69609375 0.0462890625 0.076171875
1 0.51484375 0.73203125 0.0677734375 0.1044921875
1 0.8359375 0.75234375 0.1251953125 0.159375
1 0.65078125 0.85859375 0.0802734375 0.15
1 0.5859375 0.86875 0.1248046875 0.16796875