1 0.340625 0.18984375 0.10625 0.155078125
1 0.5421875 0.225 0.0939453125 0.1533203125
1 0.73046875 0.2421875 0.0861328125 0.1408203125
1 0.66640625 0.27734375 0.088671875 0.1392578125
1 0.5921875 0.34296875 0.0837890625 0.157421875
1 0.46171875 0.5515625 0.089453125 0.127734375
1 0.62734375 0.57109375 0.095703125 0.1392578125
1 0.85625 0.6390625 0.08125 0.1439453125
1 0.39375 0.7046875 0.06875 0.1005859375
1 0.36875 0.7796875 0.0625 0.0939453125
1 0.55078125 0.81953125 0.067578125 0.1134765625
1 0.41640625 0.87578125 0.0640625 0.090625
1 0.55078125 0.91640625 0.0552734375 0.0947265625
1 0.4578125 0.91953125 0.040625 0.084375
1 0.49375 0.921875 0.050390625 0.087890625
1 0.4859375 0.975 0.04375 0.05