1 0.73515625 0.0421875 0.2859375 0.084375
1 0.3796875 0.39609375 0.2189453125 0.09375
1 0.73203125 0.4125 0.34375 0.253125
1 0.3140625 0.5265625 0.309765625 0.233984375
1 0.753125 0.559375 0.2650390625 0.1314453125
1 0.09609375 0.56875 0.1921875 0.228125
1 0.45703125 0.66171875 0.267578125 0.233203125
1 0.5875 0.71875 0.2314453125 0.221875
1 0.846875 0.7359375 0.30625 0.265625
1 0.3328125 0.8078125 0.312890625 0.2474609375
1 0.11484375 0.82265625 0.225 0.221875
1 0.965625 0.82421875 0.06875 0.1859375
1 0.64296875 0.8890625 0.3203125 0.221875
1 0.56796875 0.13515625 0.3296875 0.2703125