1 0.38203125 0.23359375 0.1009765625 0.1427734375
1 0.58046875 0.2359375 0.0828125 0.10234375
1 0.8515625 0.24921875 0.1529296875 0.220703125
1 0.32265625 0.2625 0.0927734375 0.1431640625
1 0.43828125 0.28359375 0.0732421875 0.0982421875
1 0.76171875 0.28359375 0.1177734375 0.195703125
1 0.153125 0.3015625 0.058984375 0.093359375
1 0.64765625 0.30703125 0.14375 0.2076171875
1 0.37109375 0.31171875 0.0736328125 0.0826171875
1 0.28203125 0.31796875 0.0673828125 0.0853515625
1 0.56796875 0.321875 0.0728515625 0.09375
1 0.39140625 0.36171875 0.0625 0.1017578125
1 0.49765625 0.37109375 0.1302734375 0.208203125
1 0.346875 0.37578125 0.0689453125 0.0669921875
1 0.44296875 0.384375 0.0705078125 0.12578125
1 0.275 0.3890625 0.08046875 0.1068359375
1 0.6859375 0.39609375 0.083984375 0.1015625
1 0.59765625 0.43359375 0.126171875 0.1615234375
1 0.34453125 0.446875 0.0982421875 0.122265625
1 0.21484375 0.5484375 0.0796875 0.12265625
1 0.171875 0.60390625 0.0970703125 0.123828125
1 0.540625 0.61328125 0.13046875 0.201953125
1 0.6671875 0.64375 0.08125 0.12421875
1 0.37734375 0.6765625 0.0330078125 0.047265625
1 0.4515625 0.69765625 0.028515625 0.0375
1 0.34296875 0.70078125 0.0419921875 0.0546875
1 0.5125 0.7203125 0.0337890625 0.0443359375
1 0.79453125 0.73515625 0.090625 0.1361328125
1 0.4875 0.73984375 0.0373046875 0.0484375
1 0.70859375 0.7546875 0.1017578125 0.134765625
1 0.35078125 0.77578125 0.0388671875 0.0578125
1 0.2953125 0.77734375 0.0443359375 0.0521484375
1 0.51328125 0.7875 0.0265625 0.049609375
1 0.58515625 0.7875 0.0361328125 0.050390625
1 0.4578125 0.80078125 0.0412109375 0.0611328125
1 0.48828125 0.809375 0.0416015625 0.0626953125
1 0.5328125 0.8171875 0.0369140625 0.0587890625
1 0.35078125 0.82890625 0.0388671875 0.0392578125
1 0.56015625 0.83359375 0.032421875 0.054296875
1 0.175 0.8515625 0.10703125 0.146875
1 0.4953125 0.9015625 0.0404296875 0.0529296875
1 0.63203125 0.9046875 0.1265625 0.190625
1 0.71015625 0.9171875 0.1390625 0.165625
1 0.45234375 0.97265625 0.0421875 0.0546875
1 0.5171875 0.15546875 0.100390625 0.1486328125
1 0.1921875 0.16328125 0.1193359375 0.185546875
1 0.07109375 0.171875 0.1421875 0.2375
1 0.3046875 0.19140625 0.075 0.0580078125
1 0.6953125 0.19140625 0.1025390625 0.1173828125
1 0.22734375 0.2171875 0.078125 0.133984375