1 0.38203125 0.23359375 0.1017578125 0.1447265625
1 0.58046875 0.2359375 0.078125 0.09765625
1 0.8515625 0.24921875 0.1537109375 0.221875
1 0.32265625 0.2625 0.0958984375 0.1443359375
1 0.43828125 0.28359375 0.0708984375 0.0978515625
1 0.76171875 0.28359375 0.1115234375 0.192578125
1 0.153125 0.3015625 0.06171875 0.09375
1 0.64765625 0.30703125 0.134375 0.2017578125
1 0.37109375 0.31171875 0.0673828125 0.0767578125
1 0.28203125 0.31796875 0.0646484375 0.0833984375
1 0.56796875 0.321875 0.0669921875 0.090625
1 0.39140625 0.36171875 0.061328125 0.1017578125
1 0.49765625 0.37109375 0.1326171875 0.209375
1 0.346875 0.37578125 0.0681640625 0.0646484375
1 0.44296875 0.384375 0.0611328125 0.12421875
1 0.275 0.3890625 0.078125 0.1060546875
1 0.6859375 0.39609375 0.081640625 0.101171875
1 0.59765625 0.43359375 0.141796875 0.1732421875
1 0.34453125 0.446875 0.1009765625 0.124609375
1 0.21484375 0.5484375 0.088671875 0.128125
1 0.171875 0.60390625 0.0880859375 0.117578125
1 0.540625 0.61328125 0.137890625 0.207421875
1 0.6671875 0.64375 0.081640625 0.124609375
1 0.37734375 0.6765625 0.0333984375 0.04765625
1 0.4515625 0.69765625 0.030859375 0.038671875
1 0.34296875 0.70078125 0.0427734375 0.055078125
1 0.5125 0.7203125 0.0345703125 0.0462890625
1 0.79453125 0.73515625 0.08125 0.1322265625
1 0.4875 0.73984375 0.0349609375 0.048046875
1 0.70859375 0.7546875 0.0923828125 0.128515625
1 0.35078125 0.77578125 0.0447265625 0.0609375
1 0.2953125 0.77734375 0.0443359375 0.0517578125
1 0.51328125 0.7875 0.03125 0.05078125
1 0.58515625 0.7875 0.0333984375 0.05
1 0.4578125 0.80078125 0.0462890625 0.0642578125
1 0.48828125 0.809375 0.0451171875 0.0654296875
1 0.5328125 0.8171875 0.0345703125 0.0568359375
1 0.35078125 0.82890625 0.0396484375 0.0416015625
1 0.56015625 0.83359375 0.035546875 0.055078125
1 0.175 0.8515625 0.10703125 0.146875
1 0.4953125 0.9015625 0.0408203125 0.0529296875
1 0.63203125 0.90546875 0.1234375 0.1890625
1 0.71015625 0.9171875 0.1390625 0.165625
1 0.45234375 0.97265625 0.0453125 0.0546875
1 0.5171875 0.15546875 0.108984375 0.1541015625
1 0.1921875 0.16328125 0.1380859375 0.1953125
1 0.07265625 0.171875 0.1453125 0.240625
1 0.3046875 0.19140625 0.07265625 0.0572265625
1 0.6953125 0.19140625 0.1005859375 0.1169921875
1 0.22734375 0.2171875 0.090625 0.140234375