1 0.5203125 0.2453125 0.0443359375 0.053515625
1 0.48359375 0.24921875 0.0234375 0.0298828125
1 0.5515625 0.26171875 0.0306640625 0.0375
1 0.459375 0.26640625 0.031640625 0.0294921875
1 0.49921875 0.2984375 0.0302734375 0.0345703125
1 0.53671875 0.30703125 0.0326171875 0.0583984375
1 0.47421875 0.3109375 0.0375 0.043359375
1 0.5109375 0.3203125 0.0341796875 0.0474609375
1 0.41484375 0.32265625 0.028125 0.0392578125
1 0.55390625 0.3296875 0.032421875 0.0537109375
1 0.44921875 0.3421875 0.0396484375 0.055859375
1 0.5984375 0.3421875 0.025 0.0408203125
1 0.4203125 0.34375 0.02890625 0.04453125
1 0.4796875 0.3515625 0.0380859375 0.0474609375
1 0.51796875 0.353125 0.040625 0.053515625
1 0.3546875 0.3578125 0.03125 0.0369140625
1 0.57578125 0.36171875 0.0333984375 0.048828125
1 0.43203125 0.365625 0.036328125 0.04453125
1 0.50859375 0.378125 0.0263671875 0.0375
1 0.59921875 0.3796875 0.0291015625 0.04140625
1 0.5328125 0.384375 0.0193359375 0.03828125
1 0.6796875 0.38828125 0.0130859375 0.0455078125
1 0.36484375 0.3890625 0.0240234375 0.02890625
1 0.471875 0.40078125 0.0255859375 0.05625
1 0.6734375 0.4015625 0.01875 0.04765625
1 0.446875 0.40390625 0.03828125 0.058203125
1 0.58984375 0.42109375 0.03125 0.044921875
1 0.359375 0.42265625 0.033984375 0.0515625
1 0.27109375 0.4265625 0.0291015625 0.0412109375
1 0.3828125 0.4359375 0.02265625 0.0470703125
1 0.46328125 0.4359375 0.0298828125 0.047265625
1 0.41875 0.4390625 0.03671875 0.0599609375
1 0.596875 0.44375 0.0251953125 0.0283203125
1 0.47734375 0.4453125 0.017578125 0.0287109375
1 0.440625 0.4578125 0.0318359375 0.0529296875
1 0.3421875 0.4578125 0.0279296875 0.04765625
1 0.3671875 0.46640625 0.0283203125 0.0453125
1 0.296875 0.4671875 0.0181640625 0.0375
1 0.45390625 0.47421875 0.0322265625 0.044921875
1 0.31796875 0.4765625 0.0322265625 0.0474609375
1 0.3609375 0.4953125 0.02734375 0.041015625
1 0.33828125 0.49609375 0.030078125 0.045703125
1 0.11953125 0.51875 0.028125 0.044140625
1 0.14140625 0.5234375 0.0234375 0.040234375
1 0.121875 0.55546875 0.0275390625 0.05
1 0.23671875 0.55625 0.0263671875 0.0404296875
1 0.1578125 0.5578125 0.037109375 0.052734375
1 0.17578125 0.56015625 0.017578125 0.05
1 0.13828125 0.56328125 0.023046875 0.0455078125
1 0.3296875 0.56796875 0.0314453125 0.0419921875
1 0.22890625 0.58046875 0.0265625 0.0330078125
1 0.54296875 0.584375 0.0302734375 0.025390625
1 0.31875 0.5890625 0.0287109375 0.0412109375
1 0.65234375 0.5921875 0.0482421875 0.047265625
1 0.3484375 0.5953125 0.0380859375 0.05390625
1 0.4890625 0.6109375 0.0369140625 0.03359375
1 0.28125 0.6109375 0.0287109375 0.0537109375
1 0.303125 0.6171875 0.0306640625 0.0470703125
1 0.5546875 0.6203125 0.0345703125 0.0345703125
1 0.4171875 0.62890625 0.0314453125 0.042578125
1 0.25390625 0.6328125 0.0173828125 0.0349609375
1 0.23671875 0.63359375 0.023828125 0.0421875
1 0.3984375 0.63515625 0.018359375 0.030078125
1 0.340625 0.64375 0.03203125 0.0533203125
1 0.3140625 0.6515625 0.0283203125 0.0494140625
1 0.29296875 0.653125 0.0232421875 0.037890625
1 0.38046875 0.653125 0.033203125 0.05703125
1 0.5328125 0.66015625 0.03359375 0.051953125
1 0.36171875 0.6640625 0.0291015625 0.046875
1 0.32890625 0.671875 0.028125 0.02578125
1 0.40859375 0.671875 0.034375 0.05078125
1 0.50625 0.68359375 0.0287109375 0.0328125
1 0.21171875 0.6859375 0.0298828125 0.04375
1 0.578125 0.6859375 0.0373046875 0.055859375
1 0.42890625 0.690625 0.026171875 0.05078125
1 0.4484375 0.690625 0.03125 0.05078125
1 0.27421875 0.69609375 0.0263671875 0.0365234375
1 0.49453125 0.703125 0.0302734375 0.027734375
1 0.37265625 0.7125 0.0333984375 0.0474609375
1 0.39609375 0.7140625 0.0294921875 0.0494140625
1 0.7296875 0.71875 0.025 0.050390625
1 0.21484375 0.7203125 0.029296875 0.04140625
1 0.26171875 0.7234375 0.0201171875 0.034765625
1 0.246875 0.7234375 0.0224609375 0.0349609375
1 0.628125 0.72578125 0.027734375 0.0423828125
1 0.4484375 0.7296875 0.022265625 0.040234375
1 0.4265625 0.73828125 0.033984375 0.051171875
1 0.18515625 0.7390625 0.029296875 0.03984375
1 0.51328125 0.74375 0.0294921875 0.05625
1 0.22265625 0.7484375 0.026953125 0.041015625
1 0.7140625 0.753125 0.0244140625 0.0349609375
1 0.24375 0.75546875 0.0220703125 0.0390625
1 0.73203125 0.75625 0.021875 0.031640625
1 0.1890625 0.759375 0.0220703125 0.0412109375
1 0.20390625 0.76015625 0.020703125 0.0453125
1 0.446875 0.7640625 0.0275390625 0.047265625
1 0.58046875 0.771875 0.0326171875 0.04453125
1 0.2546875 0.77265625 0.0244140625 0.0365234375
1 0.27109375 0.7734375 0.025 0.0412109375
1 0.5375 0.78046875 0.03046875 0.05
1 0.22109375 0.78359375 0.029296875 0.038671875
1 0.68828125 0.7890625 0.0291015625 0.050390625
1 0.721875 0.7890625 0.02421875 0.037890625
1 0.23671875 0.79453125 0.0232421875 0.0375
1 0.253125 0.7984375 0.0193359375 0.028125
1 0.2046875 0.7984375 0.0251953125 0.03984375
1 0.25859375 0.8109375 0.0166015625 0.025390625
1 0.2234375 0.81875 0.0224609375 0.0283203125
1 0.63984375 0.82109375 0.0259765625 0.0361328125
1 0.66953125 0.8328125 0.0203125 0.0349609375
1 0.24140625 0.85078125 0.0291015625 0.0458984375
1 0.23046875 0.87578125 0.0267578125 0.0390625
1 0.26640625 0.8796875 0.0232421875 0.034765625
1 0.20703125 0.884375 0.0259765625 0.0375