1 0.81328125 0.4625 0.1353515625 0.1349609375
1 0.8890625 0.06171875 0.221875 0.1234375
1 0.4046875 0.6375 0.1287109375 0.124609375
1 0.2953125 0.66015625 0.1001953125 0.1080078125
1 0.4375 0.74921875 0.09375 0.1013671875
1 0.23984375 0.76015625 0.1201171875 0.126953125
1 0.33359375 0.76875 0.123828125 0.124609375
1 0.653125 0.153125 0.165234375 0.21328125
1 0.76015625 0.15546875 0.2611328125 0.2611328125
1 0.46875 0.1890625 0.209375 0.137890625
1 0.884375 0.19765625 0.08203125 0.164453125
1 0.95703125 0.221875 0.0859375 0.20625
1 0.2890625 0.29140625 0.246484375 0.251171875
1 0.51796875 0.3375 0.2583984375 0.2626953125
1 0.621875 0.4109375 0.25546875 0.25234375
1 0.13984375 0.43125 0.278125 0.2658203125