1 0.3453125 0.5953125 0.1279296875 0.146875
1 0.63671875 0.60546875 0.182421875 0.2259765625
1 0.5015625 0.67265625 0.159375 0.198828125
1 0.06015625 0.7296875 0.0828125 0.1533203125
1 0.6390625 0.765625 0.1818359375 0.203515625
1 0.34140625 0.7734375 0.1572265625 0.190234375
1 0.459375 0.8296875 0.152734375 0.17890625
1 0.2296875 0.8375 0.112890625 0.1685546875
1 0.04453125 0.85546875 0.0671875 0.1078125
1 0.3046875 0.91015625 0.149609375 0.178125
1 0.60390625 0.28359375 0.1583984375 0.198046875
1 0.484375 0.309375 0.1130859375 0.14296875
1 0.51171875 0.365625 0.1208984375 0.162109375
1 0.5828125 0.42265625 0.15390625 0.195703125
1 0.31640625 0.425 0.108203125 0.1287109375
1 0.70625 0.4796875 0.13671875 0.19140625
1 0.4109375 0.5078125 0.1533203125 0.2150390625