1 0.56875 0.58203125 0.075 0.1046875
1 0.50703125 0.590625 0.080078125 0.134375
1 0.01640625 0.59296875 0.0328125 0.1359375
1 0.39453125 0.61875 0.0763671875 0.12421875
1 0.5984375 0.62109375 0.0591796875 0.0728515625
1 0.45625 0.6328125 0.077734375 0.1162109375
1 0.359375 0.646875 0.071484375 0.1123046875
1 0.54765625 0.66640625 0.0455078125 0.104296875
1 0.0375 0.67734375 0.075 0.1421875
1 0.5015625 0.6921875 0.0806640625 0.12109375
1 0.38046875 0.72578125 0.084375 0.1138671875
1 0.4453125 0.7375 0.075390625 0.1095703125
1 0.4875 0.78828125 0.05703125 0.085546875
1 0.4421875 0.825 0.06640625 0.105859375
1 0.3875 0.84765625 0.078515625 0.1263671875
1 0.43359375 0.87890625 0.059375 0.0513671875
1 0.08046875 0.178125 0.0796875 0.12421875
1 0.0578125 0.27109375 0.047265625 0.101953125
1 0.40859375 0.38984375 0.0541015625 0.0578125
1 0.6703125 0.38984375 0.0900390625 0.1298828125
1 0.50546875 0.40390625 0.0859375 0.130078125
1 0.4296875 0.43203125 0.0712890625 0.1107421875
1 0.62265625 0.46015625 0.0796875 0.1328125
1 0.7 0.46328125 0.0751953125 0.107421875
1 0.55234375 0.47734375 0.0734375 0.11875
1 0.38046875 0.5109375 0.0728515625 0.121875
1 0.0546875 0.528125 0.0880859375 0.1443359375
1 0.45078125 0.53125 0.0896484375 0.1193359375
1 0.6296875 0.5625 0.0755859375 0.1029296875