1 0.56875 0.58203125 0.075390625 0.105078125
1 0.50703125 0.590625 0.079296875 0.13203125
1 0.01953125 0.5921875 0.0390625 0.1375
1 0.39453125 0.61875 0.0802734375 0.125
1 0.5984375 0.62109375 0.0560546875 0.0701171875
1 0.45625 0.6328125 0.081640625 0.1189453125
1 0.359375 0.646875 0.071484375 0.1123046875
1 0.54765625 0.66640625 0.0427734375 0.104296875
1 0.0359375 0.678125 0.071875 0.140625
1 0.5015625 0.6921875 0.0818359375 0.121875
1 0.38046875 0.72578125 0.076953125 0.1103515625
1 0.4453125 0.7375 0.080859375 0.1123046875
1 0.4875 0.78828125 0.05625 0.084375
1 0.4421875 0.825 0.06484375 0.10546875
1 0.3875 0.84765625 0.077734375 0.1259765625
1 0.43359375 0.87890625 0.060546875 0.0517578125
1 0.08046875 0.178125 0.071875 0.119140625
1 0.0578125 0.27109375 0.05390625 0.1046875
1 0.40859375 0.38984375 0.0541015625 0.0578125
1 0.6703125 0.38984375 0.0837890625 0.1267578125
1 0.50546875 0.40390625 0.098046875 0.1375
1 0.4296875 0.43203125 0.0755859375 0.1134765625
1 0.62265625 0.46015625 0.0796875 0.1328125
1 0.7 0.46328125 0.0744140625 0.10625
1 0.55234375 0.47734375 0.073828125 0.11875
1 0.38046875 0.5109375 0.0759765625 0.122265625
1 0.0546875 0.528125 0.0935546875 0.1470703125
1 0.45078125 0.53125 0.0857421875 0.1158203125
1 0.6296875 0.5625 0.0689453125 0.0974609375