1 0.81328125 0.4625 0.1357421875 0.1369140625
1 0.8890625 0.06171875 0.221875 0.1234375
1 0.4046875 0.6375 0.1251953125 0.11953125
1 0.2953125 0.66015625 0.0962890625 0.1044921875
1 0.4375 0.74921875 0.091015625 0.0986328125
1 0.23984375 0.76015625 0.1080078125 0.116796875
1 0.33359375 0.76875 0.126953125 0.127734375
1 0.653125 0.153125 0.155859375 0.208984375
1 0.76015625 0.15546875 0.2427734375 0.2427734375
1 0.46875 0.1890625 0.206640625 0.134375
1 0.884375 0.19765625 0.084375 0.165625
1 0.95234375 0.22109375 0.0953125 0.2109375
1 0.2890625 0.29140625 0.237109375 0.241796875
1 0.51796875 0.3375 0.2572265625 0.2619140625
1 0.621875 0.4109375 0.237890625 0.234375
1 0.13984375 0.43125 0.2640625 0.2505859375