1 0.671875 0.16796875 0.059765625 0.0822265625
1 0.61796875 0.221875 0.094921875 0.125390625
1 0.690625 0.2671875 0.0755859375 0.1283203125
1 0.559375 0.28359375 0.1068359375 0.1388671875
1 0.35859375 0.30625 0.1203125 0.16328125
1 0.46640625 0.31328125 0.11875 0.1697265625
1 0.6546875 0.328125 0.10390625 0.1412109375
1 0.7125 0.37890625 0.0751953125 0.1201171875
1 0.575 0.3859375 0.10625 0.1345703125
1 0.41171875 0.43203125 0.1109375 0.164453125
1 0.7265625 0.4375 0.0841796875 0.116015625
1 0.4984375 0.43828125 0.1005859375 0.138671875
1 0.67421875 0.475 0.075 0.1123046875
1 0.6328125 0.5203125 0.11015625 0.162890625
1 0.7890625 0.52734375 0.10234375 0.1240234375
1 0.4546875 0.54375 0.109375 0.134375
1 0.54375 0.56328125 0.09375 0.148046875
1 0.3859375 0.56484375 0.0935546875 0.1642578125
1 0.67265625 0.609375 0.090625 0.121484375
1 0.78125 0.61171875 0.1150390625 0.1544921875
1 0.3609375 0.640625 0.0564453125 0.090625
1 0.47734375 0.6578125 0.082421875 0.1376953125
1 0.4203125 0.68359375 0.084765625 0.111328125
1 0.5546875 0.6875 0.0994140625 0.14296875
1 0.79140625 0.690625 0.066796875 0.065234375
1 0.62421875 0.6921875 0.091796875 0.143359375
1 0.73046875 0.72421875 0.095703125 0.1388671875
1 0.515625 0.74296875 0.090625 0.1115234375
1 0.59296875 0.76484375 0.080078125 0.0892578125
1 0.6625 0.76484375 0.0845703125 0.1296875
1 0.8984375 0.7828125 0.1248046875 0.1720703125
1 0.7484375 0.81015625 0.1029296875 0.1291015625
1 0.6640625 0.83671875 0.0841796875 0.0955078125
1 0.7421875 0.88515625 0.0904296875 0.0984375