1 0.33671875 0.26953125 0.1767578125 0.1390625
1 0.5765625 0.278125 0.162109375 0.1150390625
1 0.215625 0.2859375 0.1681640625 0.1412109375
1 0.046875 0.29296875 0.053125 0.0423828125
1 0.65078125 0.33046875 0.034375 0.0416015625
1 0.3953125 0.3625 0.172265625 0.11875
1 0.44921875 0.43515625 0.0736328125 0.053125
1 0.3140625 0.5109375 0.1720703125 0.1279296875
1 0.40078125 0.5171875 0.066796875 0.1099609375
1 0.72421875 0.575 0.0763671875 0.074609375
1 0.1421875 0.6046875 0.155859375 0.11640625
1 0.303125 0.67265625 0.1443359375 0.108203125
1 0.134375 0.6859375 0.0912109375 0.055859375
1 0.87109375 0.07109375 0.0478515625 0.0419921875
1 0.1859375 0.7171875 0.1412109375 0.1
1 0.378125 0.74765625 0.1087890625 0.073828125
1 0.171875 0.78203125 0.1439453125 0.076953125
1 0.30234375 0.8375 0.1203125 0.0818359375
1 0.5859375 0.840625 0.141015625 0.1220703125
1 0.54140625 0.925 0.13125 0.0935546875
1 0.81796875 0.1015625 0.0578125 0.0373046875
1 0.44453125 0.153125 0.1828125 0.1533203125