1 0.33671875 0.26953125 0.1763671875 0.138671875
1 0.5765625 0.278125 0.162890625 0.1181640625
1 0.215625 0.2859375 0.1619140625 0.1341796875
1 0.046875 0.29296875 0.056640625 0.0482421875
1 0.65078125 0.33046875 0.033203125 0.0396484375
1 0.3953125 0.3625 0.166015625 0.10703125
1 0.44921875 0.43515625 0.0728515625 0.048828125
1 0.3140625 0.5109375 0.1755859375 0.1341796875
1 0.40078125 0.5171875 0.0734375 0.1130859375
1 0.72421875 0.575 0.0794921875 0.077734375
1 0.1421875 0.6046875 0.147265625 0.103515625
1 0.303125 0.67265625 0.1501953125 0.117578125
1 0.134375 0.6859375 0.0943359375 0.062109375
1 0.87109375 0.07109375 0.0478515625 0.0419921875
1 0.1859375 0.7171875 0.1439453125 0.103125
1 0.378125 0.74765625 0.1099609375 0.076953125
1 0.171875 0.78203125 0.1443359375 0.079296875
1 0.30234375 0.8375 0.123828125 0.0876953125
1 0.5859375 0.840625 0.137109375 0.1158203125
1 0.54140625 0.925 0.1390625 0.1060546875
1 0.81796875 0.1015625 0.058203125 0.0376953125
1 0.44453125 0.153125 0.1703125 0.1369140625