1 0.50546875 0.31953125 0.0546875 0.048828125
1 0.94765625 0.33046875 0.073046875 0.0701171875
1 0.8546875 0.33828125 0.087109375 0.0947265625
1 0.36796875 0.3421875 0.083203125 0.103125
1 0.7828125 0.34453125 0.075390625 0.079296875
1 0.13203125 0.3640625 0.0546875 0.075390625
1 0.4296875 0.3734375 0.0560546875 0.1099609375
1 0.57421875 0.3765625 0.0828125 0.0939453125
1 0.68515625 0.38671875 0.064453125 0.076171875
1 0.778125 0.3953125 0.072265625 0.053515625
1 0.33046875 0.41171875 0.08125 0.1107421875
1 0.82890625 0.4171875 0.0669921875 0.0912109375
1 0.6109375 0.4265625 0.07265625 0.1
1 0.3921875 0.43359375 0.07734375 0.076953125
1 0.9671875 0.446875 0.046875 0.1
1 0.721875 0.45078125 0.062109375 0.0728515625
1 0.7921875 0.45546875 0.058984375 0.0673828125
1 0.5515625 0.4671875 0.065625 0.106640625
1 0.665625 0.48046875 0.06953125 0.0865234375
1 0.21640625 0.48203125 0.0625 0.0830078125
1 0.0171875 0.484375 0.034375 0.1125
1 0.5875 0.490625 0.0412109375 0.05625
1 0.840625 0.49921875 0.0658203125 0.078125
1 0.26796875 0.50859375 0.065625 0.0916015625
1 0.74921875 0.509375 0.069921875 0.078515625
1 0.91171875 0.528125 0.0515625 0.0626953125
1 0.22421875 0.55234375 0.0583984375 0.0677734375
1 0.07109375 0.55234375 0.0728515625 0.0916015625
1 0.484375 0.5546875 0.08125 0.0994140625
1 0.54453125 0.5578125 0.051171875 0.07890625
1 0.66171875 0.5609375 0.045703125 0.075
1 0.9875 0.5609375 0.025 0.075
1 0.175 0.590625 0.0625 0.08046875
1 0.28515625 0.596875 0.0640625 0.084375
1 0.128125 0.60078125 0.0623046875 0.0853515625
1 0.24296875 0.61640625 0.0609375 0.0765625
1 0.07265625 0.61953125 0.0482421875 0.0673828125
1 0.48828125 0.62890625 0.0603515625 0.0861328125
1 0.97890625 0.6296875 0.0421875 0.078125
1 0.28203125 0.66171875 0.0609375 0.0669921875
1 0.4921875 0.83359375 0.0306640625 0.0384765625
1 0.53984375 0.84765625 0.0359375 0.0447265625
1 0.51484375 0.88828125 0.026953125 0.0384765625
1 0.6578125 0.92265625 0.0314453125 0.0384765625
1 0.50546875 0.92421875 0.021875 0.0361328125
1 0.4734375 0.9703125 0.021875 0.0345703125
1 0.69453125 0.971875 0.028125 0.0349609375
1 0.6734375 0.9828125 0.03125 0.034375
1 0.984375 0.98515625 0.03125 0.0296875