1 0.50546875 0.31953125 0.051953125 0.045703125
1 0.94765625 0.33046875 0.073828125 0.0708984375
1 0.8546875 0.33828125 0.081640625 0.0896484375
1 0.36796875 0.3421875 0.0765625 0.09765625
1 0.7828125 0.34453125 0.081640625 0.084375
1 0.13203125 0.3640625 0.05 0.072265625
1 0.4296875 0.3734375 0.0591796875 0.1123046875
1 0.57421875 0.3765625 0.082421875 0.0939453125
1 0.68515625 0.38671875 0.063671875 0.073828125
1 0.778125 0.3953125 0.071875 0.052734375
1 0.33046875 0.41171875 0.088671875 0.1142578125
1 0.82890625 0.4171875 0.0638671875 0.0904296875
1 0.6109375 0.4265625 0.078515625 0.103125
1 0.3921875 0.43359375 0.07890625 0.080078125
1 0.9671875 0.446875 0.04765625 0.100390625
1 0.721875 0.45078125 0.06171875 0.0708984375
1 0.7921875 0.45546875 0.058984375 0.0673828125
1 0.5515625 0.4671875 0.056640625 0.103515625
1 0.665625 0.48046875 0.06953125 0.0865234375
1 0.21640625 0.48203125 0.0640625 0.0853515625
1 0.01875 0.484375 0.0375 0.1125
1 0.5875 0.490625 0.0408203125 0.05625
1 0.840625 0.49921875 0.0720703125 0.083203125
1 0.26796875 0.50859375 0.065625 0.0916015625
1 0.74921875 0.509375 0.069921875 0.078515625
1 0.91171875 0.528125 0.0546875 0.0654296875
1 0.22421875 0.55234375 0.0642578125 0.0732421875
1 0.07109375 0.55234375 0.0669921875 0.0865234375
1 0.484375 0.5546875 0.07578125 0.0943359375
1 0.54453125 0.5578125 0.053125 0.080859375
1 0.66171875 0.5609375 0.039453125 0.071875
1 0.98828125 0.56171875 0.0234375 0.0734375
1 0.175 0.590625 0.059765625 0.078125
1 0.28515625 0.596875 0.058203125 0.08125
1 0.128125 0.60078125 0.0662109375 0.0865234375
1 0.24296875 0.61640625 0.063671875 0.078125
1 0.07265625 0.61953125 0.0521484375 0.0705078125
1 0.48828125 0.62890625 0.0642578125 0.0892578125
1 0.9796875 0.63046875 0.040625 0.0765625
1 0.28203125 0.66171875 0.065625 0.0708984375
1 0.4921875 0.83359375 0.0279296875 0.0361328125
1 0.53984375 0.84765625 0.0359375 0.0447265625
1 0.51484375 0.88828125 0.029296875 0.0388671875
1 0.6578125 0.92265625 0.0283203125 0.0361328125
1 0.50546875 0.92421875 0.020703125 0.0361328125
1 0.4734375 0.9703125 0.02265625 0.0349609375
1 0.69453125 0.971875 0.0265625 0.0341796875
1 0.6734375 0.9828125 0.03125 0.034375
1 0.984375 0.98515625 0.03125 0.0296875