1 0.4859375 0.16953125 0.0783203125 0.1134765625
1 0.70546875 0.17890625 0.0611328125 0.096875
1 0.553125 0.2078125 0.075 0.1060546875
1 0.74453125 0.2359375 0.0603515625 0.1029296875
1 0.396875 0.25390625 0.077734375 0.117578125
1 0.49921875 0.2671875 0.0615234375 0.09140625
1 0.80390625 0.26796875 0.0642578125 0.1044921875
1 0.4578125 0.290625 0.0654296875 0.100390625
1 0.571875 0.303125 0.0630859375 0.112109375
1 0.634375 0.303125 0.0783203125 0.1064453125
1 0.26875 0.31328125 0.0716796875 0.1134765625
1 0.51796875 0.340625 0.0634765625 0.1
1 0.32734375 0.3484375 0.0828125 0.1091796875
1 0.63203125 0.36328125 0.06875 0.0697265625
1 0.409375 0.3671875 0.072265625 0.1033203125
1 0.46796875 0.38203125 0.0673828125 0.101171875
1 0.37421875 0.3828125 0.038671875 0.09140625
1 0.2609375 0.41640625 0.0775390625 0.0916015625
1 0.45390625 0.5515625 0.0638671875 0.0849609375
1 0.56171875 0.58984375 0.0552734375 0.0802734375
1 0.60078125 0.61796875 0.0513671875 0.0791015625
1 0.83515625 0.646875 0.0234375 0.06875
1 0.51875 0.66640625 0.0529296875 0.0798828125
1 0.575 0.675 0.046875 0.074609375
1 0.8 0.68125 0.0595703125 0.08046875
1 0.54296875 0.7078125 0.0544921875 0.075390625
1 0.784375 0.73671875 0.062109375 0.0830078125
1 0.3640625 0.78984375 0.06015625 0.0865234375
1 0.415625 0.8203125 0.055859375 0.0845703125
1 0.46328125 0.8265625 0.05625 0.0845703125
1 0.36328125 0.8515625 0.0607421875 0.0591796875
1 0.4078125 0.86328125 0.0470703125 0.0453125
1 0.7953125 0.13828125 0.072265625 0.1115234375