5 0.2078125 0.18671875 0.1369140625 0.3359375
5 0.65625 0.2171875 0.3037109375 0.3404296875
5 0.1109375 0.23515625 0.2126953125 0.30625
5 0.38515625 0.2375 0.23125 0.391015625
5 0.08984375 0.415625 0.1796875 0.309375
5 0.703125 0.484375 0.2251953125 0.38046875
5 0.4328125 0.5 0.865625 1
5 0.10390625 0.64140625 0.2078125 0.4640625
5 0.6046875 0.6421875 0.2474609375 0.5130859375
5 0.44140625 0.703125 0.2078125 0.5158203125
5 0.2265625 0.73359375 0.2630859375 0.48125
5 0.52265625 0.08359375 0.1734375 0.1671875