5 0.2078125 0.18671875 0.1619140625 0.34375
5 0.65625 0.2171875 0.2966796875 0.3337890625
5 0.1109375 0.23515625 0.2158203125 0.3078125
5 0.38515625 0.2375 0.2625 0.406640625
5 0.08984375 0.415625 0.1796875 0.309375
5 0.703125 0.484375 0.2314453125 0.383984375
5 0.43984375 0.5 0.8796875 1
5 0.10703125 0.64140625 0.2140625 0.4671875
5 0.6046875 0.6421875 0.2876953125 0.5275390625
5 0.44140625 0.703125 0.2296875 0.5244140625
5 0.2265625 0.73359375 0.2970703125 0.49375
5 0.5234375 0.0828125 0.169140625 0.1650390625