1 0.28203125 0.2234375 0.18125 0.16640625
1 0.75703125 0.24140625 0.1576171875 0.164453125
1 0.6109375 0.2578125 0.1619140625 0.169140625
1 0.92578125 0.34296875 0.1478515625 0.160546875
1 0.36875 0.36796875 0.183984375 0.1728515625
1 0.70234375 0.3734375 0.169921875 0.1564453125
1 0.2234375 0.37890625 0.17109375 0.1822265625
1 0.54140625 0.39296875 0.167578125 0.16875
1 0.96640625 0.43359375 0.0671875 0.0609375
1 0.8125 0.44765625 0.1783203125 0.165625
1 0.32109375 0.51328125 0.161328125 0.146875
1 0.634375 0.5140625 0.18828125 0.168359375
1 0.4734375 0.52421875 0.1560546875 0.1392578125
1 0.9265625 0.53203125 0.146875 0.1578125
1 0.828125 0.55234375 0.0962890625 0.076171875
1 0.75546875 0.6078125 0.166796875 0.155859375
1 0.29765625 0.6265625 0.095703125 0.1404296875
1 0.39765625 0.63984375 0.1701171875 0.176953125
1 0.55234375 0.65234375 0.1734375 0.1734375
1 0.65 0.703125 0.15078125 0.175
1 0.7765625 0.72421875 0.141015625 0.1353515625
1 0.9109375 0.7421875 0.178125 0.18125
1 0.30703125 0.76796875 0.1705078125 0.167578125
1 0.49765625 0.76796875 0.141796875 0.139453125
1 0.84765625 0.8109375 0.1513671875 0.0904296875
1 0.253125 0.82109375 0.121875 0.1078125
1 0.44921875 0.82109375 0.1125 0.128125
1 0.6 0.834375 0.1349609375 0.13203125
1 0.8359375 0.8734375 0.1556640625 0.1095703125
1 0.07109375 0.88046875 0.1421875 0.1734375
1 0.696875 0.88125 0.16796875 0.171484375
1 0.3890625 0.8890625 0.17734375 0.153125
1 0.5203125 0.92734375 0.159375 0.1453125
1 0.340625 0.96171875 0.159375 0.0765625
1 0.07109375 0.96875 0.1421875 0.0625
1 0.6890625 0.121875 0.18984375 0.1693359375
1 0.45234375 0.19921875 0.1833984375 0.1833984375