1 0.28203125 0.2234375 0.18125 0.16640625
1 0.75703125 0.24140625 0.1572265625 0.1640625
1 0.6109375 0.2578125 0.1630859375 0.171875
1 0.925 0.3421875 0.15 0.1625
1 0.36875 0.36796875 0.196484375 0.1861328125
1 0.70234375 0.3734375 0.1859375 0.1748046875
1 0.2234375 0.37890625 0.159375 0.1708984375
1 0.54140625 0.39296875 0.173828125 0.175
1 0.9671875 0.43359375 0.065625 0.0578125
1 0.8125 0.44765625 0.1744140625 0.160546875
1 0.32109375 0.51328125 0.155078125 0.139453125
1 0.634375 0.5140625 0.190625 0.169140625
1 0.4734375 0.52421875 0.1525390625 0.1357421875
1 0.92421875 0.53203125 0.1515625 0.1671875
1 0.828125 0.55234375 0.0939453125 0.073046875
1 0.75546875 0.6078125 0.1671875 0.156640625
1 0.29765625 0.6265625 0.0859375 0.1345703125
1 0.39765625 0.63984375 0.1791015625 0.185546875
1 0.55234375 0.65234375 0.1734375 0.1734375
1 0.65 0.703125 0.153515625 0.17578125
1 0.7765625 0.72421875 0.14375 0.1365234375
1 0.9125 0.7421875 0.175 0.175
1 0.30703125 0.76796875 0.1673828125 0.165625
1 0.49765625 0.76796875 0.146875 0.1453125
1 0.84765625 0.8109375 0.1509765625 0.0876953125
1 0.253125 0.82109375 0.11328125 0.098046875
1 0.44921875 0.82109375 0.1203125 0.135546875
1 0.6 0.834375 0.1373046875 0.134375
1 0.8359375 0.8734375 0.1556640625 0.1095703125
1 0.07109375 0.88046875 0.1421875 0.1734375
1 0.696875 0.88125 0.1625 0.166015625
1 0.3890625 0.8890625 0.16640625 0.140234375
1 0.5203125 0.9265625 0.159375 0.146875
1 0.34140625 0.9609375 0.1609375 0.078125
1 0.07109375 0.96875 0.1421875 0.0625
1 0.6890625 0.121875 0.184765625 0.1654296875
1 0.45234375 0.19921875 0.1708984375 0.1708984375