1 0.60390625 0.2 0.1259765625 0.1185546875
1 0.709375 0.209375 0.1119140625 0.122265625
1 0.0375 0.30078125 0.075 0.1421875
1 0.60703125 0.3046875 0.1447265625 0.13125
1 0.80078125 0.31953125 0.1177734375 0.0705078125
1 0.96015625 0.3546875 0.0796875 0.078125
1 0.38359375 0.3578125 0.1509765625 0.1310546875
1 0.85546875 0.4203125 0.164453125 0.147265625
1 0.6515625 0.43203125 0.13515625 0.13125
1 0.484375 0.47109375 0.137890625 0.1298828125
1 0.25078125 0.52421875 0.083203125 0.0728515625
1 0.76015625 0.53359375 0.146875 0.1388671875
1 0.58125 0.5359375 0.137890625 0.1318359375
1 0.1890625 0.5578125 0.125390625 0.1158203125
1 0.65234375 0.05859375 0.1390625 0.1171875
1 0.31328125 0.5859375 0.1353515625 0.128515625
1 0.44375 0.59453125 0.1650390625 0.1455078125
1 0.8515625 0.6125 0.1591796875 0.1376953125
1 0.12734375 0.6125 0.1302734375 0.12578125
1 0.0234375 0.61484375 0.046875 0.1046875
1 0.61171875 0.6375 0.1267578125 0.1279296875
1 0.93515625 0.65390625 0.1203125 0.1322265625
1 0.87890625 0.06796875 0.1671875 0.1359375
1 0.315625 0.7 0.1162109375 0.10703125
1 0.12421875 0.709375 0.1427734375 0.1373046875
1 0.5078125 0.71171875 0.1279296875 0.1234375
1 0.20546875 0.73984375 0.148828125 0.1396484375
1 0.39375 0.775 0.1556640625 0.144140625
1 0.52265625 0.7921875 0.0705078125 0.0568359375
1 0.6671875 0.79375 0.0900390625 0.0775390625
1 0.33125 0.79609375 0.125390625 0.1365234375
1 0.76640625 0.8015625 0.1416015625 0.13359375
1 0.45859375 0.84375 0.1208984375 0.124609375
1 0.5921875 0.84375 0.144140625 0.14375
1 0.728125 0.87265625 0.141015625 0.126953125
1 0.8015625 0.92578125 0.1556640625 0.141796875
1 0.65703125 0.92890625 0.154296875 0.1203125
1 0.528125 0.13359375 0.11875 0.1169921875