1 0.28203125 0.2234375 0.186328125 0.17265625
1 0.75703125 0.24140625 0.1478515625 0.155078125
1 0.6109375 0.2578125 0.1685546875 0.17734375
1 0.92578125 0.34296875 0.1478515625 0.160546875
1 0.36875 0.36796875 0.19453125 0.1857421875
1 0.70234375 0.3734375 0.173046875 0.1595703125
1 0.2234375 0.37890625 0.17734375 0.1865234375
1 0.54140625 0.39296875 0.171875 0.173046875
1 0.96640625 0.43359375 0.0671875 0.0609375
1 0.8125 0.44765625 0.1783203125 0.165625
1 0.32109375 0.51328125 0.161328125 0.146875
1 0.634375 0.5140625 0.199609375 0.17890625
1 0.4734375 0.52421875 0.1599609375 0.1451171875
1 0.9234375 0.53203125 0.153125 0.1671875
1 0.828125 0.55234375 0.0908203125 0.069921875
1 0.75546875 0.6078125 0.176171875 0.165625
1 0.29765625 0.6265625 0.088671875 0.1369140625
1 0.39765625 0.63984375 0.1701171875 0.176953125
1 0.55234375 0.65234375 0.175 0.175
1 0.65 0.703125 0.146875 0.171484375
1 0.7765625 0.72421875 0.137890625 0.1302734375
1 0.91328125 0.74140625 0.1734375 0.1734375
1 0.30703125 0.76796875 0.1728515625 0.1703125
1 0.49765625 0.76796875 0.1484375 0.148046875
1 0.84765625 0.8109375 0.1490234375 0.0849609375
1 0.253125 0.82109375 0.11875 0.104296875
1 0.44921875 0.82109375 0.1109375 0.1265625
1 0.6 0.834375 0.1380859375 0.137109375
1 0.8359375 0.8734375 0.1587890625 0.1158203125
1 0.0703125 0.88046875 0.140625 0.1703125
1 0.696875 0.88125 0.169140625 0.172265625
1 0.3890625 0.8890625 0.174609375 0.149609375
1 0.5203125 0.92734375 0.159375 0.1453125
1 0.34140625 0.9609375 0.1609375 0.078125
1 0.07109375 0.96953125 0.1421875 0.0609375
1 0.6890625 0.121875 0.17265625 0.1505859375
1 0.45234375 0.19921875 0.1771484375 0.1771484375