1 0.1796875 0.36953125 0.09765625 0.1021484375
1 0.05625 0.403125 0.1125 0.134375
1 0.66015625 0.45 0.0603515625 0.0720703125
1 0.57421875 0.4765625 0.123828125 0.168359375
1 0.4703125 0.49296875 0.1130859375 0.1822265625
1 0.68203125 0.49453125 0.1103515625 0.133203125
1 0.21640625 0.5140625 0.1228515625 0.16015625
1 0.7359375 0.525 0.056640625 0.0748046875
1 0.31953125 0.575 0.128125 0.159375
1 0.7640625 0.6234375 0.1158203125 0.1775390625
1 0.6734375 0.62890625 0.1220703125 0.1541015625
1 0.521875 0.63203125 0.1376953125 0.1759765625
1 0.42421875 0.64296875 0.1328125 0.1802734375
1 0.25234375 0.64453125 0.1107421875 0.1609375
1 0.028125 0.06796875 0.05625 0.1359375
1 0.6 0.69140625 0.13203125 0.1671875
1 0.35390625 0.7140625 0.1171875 0.153125
1 0.69453125 0.74296875 0.117578125 0.1703125
1 0.49609375 0.77109375 0.11875 0.151953125
1 0.59453125 0.825 0.1017578125 0.137109375
1 0.38984375 0.1640625 0.1052734375 0.118359375
1 0.10234375 0.16640625 0.111328125 0.1572265625
1 0.31171875 0.2375 0.133203125 0.1787109375
1 0.45 0.2515625 0.134765625 0.1783203125
1 0.040625 0.2546875 0.08125 0.171875
1 0.51953125 0.34296875 0.1447265625 0.1171875