1 0.1796875 0.36953125 0.1 0.1041015625
1 0.0578125 0.403125 0.115625 0.1375
1 0.66015625 0.45 0.0634765625 0.0751953125
1 0.57421875 0.4765625 0.126953125 0.169140625
1 0.4703125 0.49296875 0.1216796875 0.1857421875
1 0.68203125 0.49453125 0.1052734375 0.130078125
1 0.21640625 0.5140625 0.1076171875 0.15234375
1 0.7359375 0.525 0.053125 0.0720703125
1 0.31953125 0.575 0.11875 0.152734375
1 0.7640625 0.6234375 0.1150390625 0.1775390625
1 0.6734375 0.62890625 0.1193359375 0.1517578125
1 0.521875 0.63203125 0.1369140625 0.1740234375
1 0.42421875 0.64296875 0.1234375 0.1763671875
1 0.25234375 0.64453125 0.1169921875 0.164453125
1 0.02890625 0.06875 0.0578125 0.1375
1 0.6 0.69140625 0.124609375 0.1609375
1 0.35390625 0.7140625 0.129296875 0.16015625
1 0.69453125 0.74296875 0.110546875 0.165625
1 0.49609375 0.77109375 0.123828125 0.15625
1 0.59453125 0.825 0.1103515625 0.14296875
1 0.38984375 0.1640625 0.1107421875 0.122265625
1 0.10234375 0.16640625 0.117578125 0.1607421875
1 0.31171875 0.2375 0.120703125 0.1716796875
1 0.45 0.2515625 0.134765625 0.1783203125
1 0.0375 0.2546875 0.075 0.171875
1 0.51953125 0.34296875 0.1447265625 0.1171875