0 0.871875 0.9703125 0.2375 0.059375
0 0.88203125 0.7859375 0.2359375 0.196875
0 0.3765625 0.9484375 0.2537109375 0.1005859375
0 0.1390625 0.8484375 0.2779296875 0.131640625
0 0.1546875 0.68515625 0.30390625 0.148046875
0 0.6140625 0.7078125 0.31640625 0.19140625
0 0.2796875 0.36484375 0.308984375 0.1453125
0 0.92890625 0.36015625 0.133203125 0.123828125
0 0.928125 0.09453125 0.14375 0.1890625
0 0.70234375 0.1046875 0.2046875 0.209375
0 0.38046875 0.0765625 0.2203125 0.153125
0 0.13984375 0.19921875 0.2796875 0.1953125