1 0.17421875 0.2703125 0.086328125 0.108984375
1 0.35078125 0.29921875 0.0958984375 0.123828125
1 0.6875 0.3453125 0.080859375 0.1283203125
1 0.2796875 0.36328125 0.0912109375 0.111328125
1 0.61640625 0.36796875 0.0919921875 0.1201171875
1 0.14296875 0.3875 0.0986328125 0.124609375
1 0.38984375 0.3953125 0.088671875 0.122265625
1 0.07578125 0.4 0.0921875 0.1193359375
1 0.0234375 0.40390625 0.046875 0.1203125
1 0.82734375 0.4234375 0.0728515625 0.0900390625
1 0.54921875 0.428125 0.0984375 0.1095703125
1 0.7078125 0.44296875 0.08125 0.1322265625
1 0.784375 0.4484375 0.0904296875 0.1224609375
1 0.296875 0.45078125 0.0869140625 0.073828125
1 0.6609375 0.4609375 0.071875 0.1181640625
1 0.1171875 0.46171875 0.096484375 0.111328125
1 0.61171875 0.4671875 0.0609375 0.0845703125
1 0.16484375 0.503125 0.0708984375 0.10078125
1 0.3046875 0.5046875 0.0873046875 0.075
1 0.2125 0.5109375 0.084375 0.1091796875
1 0.415625 0.5125 0.0904296875 0.1181640625
1 0.0953125 0.53359375 0.0810546875 0.0861328125
1 0.55625 0.53671875 0.0935546875 0.130078125
1 0.26171875 0.546875 0.0830078125 0.1060546875
1 0.3203125 0.55703125 0.055859375 0.05
1 0.47265625 0.56328125 0.108203125 0.1205078125
1 0.7375 0.5734375 0.0625 0.0662109375
1 0.21640625 0.57890625 0.064453125 0.070703125
1 0.62890625 0.5828125 0.108203125 0.125390625
1 0.53984375 0.64453125 0.0888671875 0.1134765625
1 0.72578125 0.64609375 0.0955078125 0.1103515625
1 0.60234375 0.6484375 0.066796875 0.078125
1 0.09921875 0.6515625 0.0951171875 0.1099609375
1 0.03984375 0.653125 0.0458984375 0.075390625
1 0.45859375 0.66953125 0.0888671875 0.1015625
1 0.33984375 0.6734375 0.103125 0.11484375
1 0.81171875 0.675 0.0947265625 0.1185546875
1 0.0140625 0.6796875 0.028125 0.075
1 0.534375 0.7 0.0626953125 0.0474609375
1 0.67109375 0.70390625 0.0896484375 0.1111328125
1 0.434375 0.709375 0.081640625 0.0875
1 0.73828125 0.71953125 0.0646484375 0.0892578125
1 0.1703125 0.73046875 0.0466796875 0.0701171875
1 0.89609375 0.734375 0.1 0.13046875
1 0.6109375 0.7375 0.0841796875 0.11171875
1 0.015625 0.73984375 0.03125 0.0796875
1 0.39140625 0.7421875 0.0767578125 0.103515625
1 0.54609375 0.75 0.0865234375 0.103515625
1 0.48828125 0.7671875 0.0765625 0.0876953125
1 0.128125 0.77421875 0.080859375 0.0958984375
1 0.71796875 0.77578125 0.0884765625 0.0673828125
1 0.4421875 0.7828125 0.072265625 0.0876953125
1 0.10390625 0.86640625 0.079296875 0.1076171875
1 0.01640625 0.94453125 0.0328125 0.1109375
1 0.121875 0.946875 0.0775390625 0.10546875
1 0.0390625 0.9609375 0.04375 0.078125
1 0.20859375 0.1203125 0.0576171875 0.071484375