1 0.17421875 0.2703125 0.0875 0.108984375
1 0.35078125 0.29921875 0.0916015625 0.1203125
1 0.6875 0.3453125 0.09296875 0.1349609375
1 0.2796875 0.36328125 0.0912109375 0.111328125
1 0.61640625 0.36796875 0.0833984375 0.1138671875
1 0.14296875 0.3875 0.0990234375 0.125
1 0.38984375 0.3953125 0.085546875 0.121484375
1 0.07578125 0.4 0.086328125 0.1162109375
1 0.02265625 0.4046875 0.0453125 0.11875
1 0.82734375 0.4234375 0.0705078125 0.0876953125
1 0.54921875 0.428125 0.095703125 0.1087890625
1 0.7078125 0.44296875 0.08359375 0.1326171875
1 0.784375 0.4484375 0.0931640625 0.1244140625
1 0.296875 0.45078125 0.0869140625 0.073828125
1 0.6609375 0.4609375 0.072265625 0.1185546875
1 0.1171875 0.46171875 0.1 0.114453125
1 0.61171875 0.4671875 0.061328125 0.0845703125
1 0.16484375 0.503125 0.0791015625 0.105859375
1 0.3046875 0.5046875 0.0873046875 0.075
1 0.2125 0.5109375 0.084375 0.1091796875
1 0.415625 0.5125 0.0962890625 0.1212890625
1 0.0953125 0.53359375 0.0837890625 0.0888671875
1 0.55625 0.53671875 0.0818359375 0.1234375
1 0.26171875 0.546875 0.0865234375 0.1095703125
1 0.3203125 0.55703125 0.05625 0.051171875
1 0.47265625 0.56328125 0.105078125 0.1177734375
1 0.7375 0.5734375 0.062109375 0.0662109375
1 0.21640625 0.57890625 0.059375 0.0671875
1 0.62890625 0.5828125 0.1015625 0.12109375
1 0.53984375 0.64453125 0.0951171875 0.1173828125
1 0.72578125 0.64609375 0.0986328125 0.1115234375
1 0.60234375 0.6484375 0.060546875 0.07265625
1 0.09921875 0.6515625 0.0927734375 0.1095703125
1 0.03984375 0.653125 0.0517578125 0.078125
1 0.45859375 0.66953125 0.0884765625 0.101171875
1 0.33984375 0.6734375 0.107421875 0.11640625
1 0.81171875 0.675 0.0896484375 0.1154296875
1 0.0140625 0.6796875 0.028125 0.075
1 0.534375 0.7 0.0650390625 0.0501953125
1 0.67109375 0.70390625 0.0990234375 0.1197265625
1 0.434375 0.709375 0.083984375 0.090234375
1 0.73828125 0.71953125 0.0728515625 0.0947265625
1 0.1703125 0.73046875 0.0505859375 0.0732421875
1 0.89609375 0.734375 0.0953125 0.125390625
1 0.6109375 0.7375 0.0935546875 0.11796875
1 0.01640625 0.7390625 0.0328125 0.08125
1 0.39140625 0.7421875 0.0826171875 0.106640625
1 0.54609375 0.75 0.0923828125 0.10703125
1 0.48828125 0.7671875 0.078125 0.0900390625
1 0.128125 0.77421875 0.087890625 0.1021484375
1 0.71796875 0.77578125 0.0892578125 0.0701171875
1 0.4421875 0.7828125 0.07734375 0.0908203125
1 0.10390625 0.86640625 0.076171875 0.1048828125
1 0.01484375 0.94453125 0.0296875 0.1109375
1 0.121875 0.946875 0.0693359375 0.1
1 0.03984375 0.9609375 0.0421875 0.078125
1 0.20859375 0.1203125 0.0576171875 0.07109375