1 0.63359375 0.0328125 0.1953125 0.065625
1 0.3703125 0.45078125 0.178515625 0.2326171875
1 0.5421875 0.4546875 0.187109375 0.206640625
1 0.8078125 0.5328125 0.25234375 0.300390625
1 0.0796875 0.540625 0.090234375 0.1556640625
1 0.1828125 0.559375 0.16484375 0.181640625
1 0.60234375 0.6078125 0.2611328125 0.316015625
1 0.3171875 0.6328125 0.150390625 0.21015625
1 0.4484375 0.66328125 0.1720703125 0.2328125
1 0.22109375 0.68125 0.126953125 0.13671875
1 0.3140625 0.74375 0.12265625 0.096484375
1 0.3765625 0.77265625 0.10625 0.104296875
1 0.56796875 0.790625 0.1802734375 0.1841796875