1 0.63359375 0.0296875 0.1921875 0.059375
1 0.3703125 0.45078125 0.18359375 0.2353515625
1 0.5421875 0.4546875 0.175 0.196484375
1 0.8078125 0.5328125 0.259765625 0.30859375
1 0.0796875 0.540625 0.087890625 0.1556640625
1 0.1828125 0.559375 0.1625 0.18125
1 0.60234375 0.6078125 0.2384765625 0.3
1 0.3171875 0.6328125 0.14140625 0.20625
1 0.4484375 0.66328125 0.1939453125 0.248046875
1 0.22109375 0.68125 0.134375 0.143359375
1 0.3140625 0.74375 0.124609375 0.096875
1 0.3765625 0.77265625 0.105859375 0.103125
1 0.56796875 0.790625 0.1728515625 0.1755859375