1 0.471875 0.521875 0.100390625 0.099609375
1 0.68984375 0.5234375 0.0919921875 0.1037109375
1 0.6234375 0.54296875 0.1125 0.115625
1 0.790625 0.559375 0.0869140625 0.1064453125
1 0.871875 0.5609375 0.112109375 0.1150390625
1 0.71953125 0.571875 0.0919921875 0.10078125
1 0.384375 0.57734375 0.1181640625 0.1041015625
1 0.29921875 0.5984375 0.080078125 0.1130859375
1 0.228125 0.59921875 0.1060546875 0.1134765625
1 0.64296875 0.60078125 0.082421875 0.0765625
1 0.50703125 0.6078125 0.09375 0.108984375
1 0.571875 0.63359375 0.083984375 0.1048828125
1 0.134375 0.634375 0.11328125 0.1158203125
1 0.85703125 0.63671875 0.101953125 0.0822265625
1 0.63125 0.64296875 0.0654296875 0.045703125
1 0.3609375 0.66171875 0.10859375 0.1166015625
1 0.73203125 0.6640625 0.1140625 0.109375
1 0.90234375 0.6703125 0.0642578125 0.0568359375
1 0.4921875 0.6875 0.115625 0.1099609375
1 0.19609375 0.69453125 0.089453125 0.109375
1 0.27734375 0.703125 0.105078125 0.1216796875
1 0.89375 0.73046875 0.084765625 0.086328125
1 0.96171875 0.73125 0.0765625 0.109375
1 0.4078125 0.73515625 0.112109375 0.103125
1 0.15 0.74609375 0.08125 0.0740234375
1 0.2234375 0.75234375 0.06640625 0.059375
1 0.05234375 0.79765625 0.0955078125 0.098828125
1 0.0953125 0.81796875 0.1056640625 0.119921875
1 0.2078125 0.82890625 0.078515625 0.1013671875
1 0.92265625 0.871875 0.1013671875 0.1158203125
1 0.98515625 0.93828125 0.0296875 0.1109375
1 0.9046875 0.196875 0.1005859375 0.0939453125
1 0.671875 0.209375 0.10546875 0.0693359375
1 0.85078125 0.246875 0.1072265625 0.100390625
1 0.771875 0.25625 0.102734375 0.1087890625
1 0.6890625 0.265625 0.11484375 0.102734375
1 0.853125 0.34921875 0.109765625 0.1177734375
1 0.7671875 0.3515625 0.0875 0.094140625
1 0.93125 0.3515625 0.097265625 0.12265625
1 0.6984375 0.3640625 0.1091796875 0.116015625
1 0.48046875 0.43203125 0.1046875 0.103125
1 0.6453125 0.4359375 0.0974609375 0.1119140625
1 0.83125 0.43671875 0.106640625 0.0955078125
1 0.7375 0.43828125 0.10703125 0.098046875
1 0.91015625 0.465625 0.1142578125 0.1125
1 0.5609375 0.48125 0.0939453125 0.093359375