1 0.56640625 0.1 0.1140625 0.05546875
1 0.6 0.16484375 0.096875 0.0833984375
1 0.7609375 0.1703125 0.09765625 0.087109375
1 0.6078125 0.2125 0.0685546875 0.058984375
1 0.5078125 0.23046875 0.11015625 0.0859375
1 0.175 0.2515625 0.09296875 0.08125
1 0.35859375 0.265625 0.086328125 0.0787109375
1 0.2359375 0.271875 0.0943359375 0.0775390625
1 0.4328125 0.27265625 0.074609375 0.0771484375
1 0.2984375 0.2953125 0.0810546875 0.0748046875
1 0.26015625 0.3453125 0.1 0.078125
1 0.490625 0.39375 0.0845703125 0.075390625
1 0.4109375 0.4046875 0.0806640625 0.0662109375
1 0.478125 0.44375 0.1001953125 0.0716796875
1 0.575 0.5796875 0.094140625 0.071875
1 0.39375 0.5953125 0.078125 0.0716796875
1 0.465625 0.61953125 0.06875 0.0609375
1 0.6015625 0.628125 0.0841796875 0.0654296875
1 0.50234375 0.6546875 0.0671875 0.0564453125
1 0.56640625 0.6578125 0.0927734375 0.0744140625
1 0.4796875 0.73515625 0.040234375 0.04375
1 0.57734375 0.73984375 0.089453125 0.076953125
1 0.44765625 0.7796875 0.0865234375 0.0806640625
1 0.5265625 0.79375 0.09609375 0.0755859375
1 0.4390625 0.8828125 0.0837890625 0.0630859375
1 0.4578125 0.921875 0.072265625 0.0591796875
1 0.4640625 0.96171875 0.08125 0.0765625
1 0.73671875 0.09765625 0.101953125 0.0802734375