1 0.56640625 0.1 0.1140625 0.055859375
1 0.6 0.16484375 0.093359375 0.0794921875
1 0.7609375 0.1703125 0.09140625 0.078515625
1 0.6078125 0.2125 0.0658203125 0.055859375
1 0.5078125 0.23046875 0.108984375 0.083203125
1 0.175 0.2515625 0.08828125 0.07734375
1 0.35859375 0.265625 0.080078125 0.0720703125
1 0.2359375 0.271875 0.0966796875 0.0787109375
1 0.4328125 0.27265625 0.075390625 0.0794921875
1 0.2984375 0.2953125 0.0869140625 0.0806640625
1 0.26015625 0.3453125 0.107421875 0.087890625
1 0.490625 0.39375 0.0873046875 0.078515625
1 0.4109375 0.4046875 0.0806640625 0.0658203125
1 0.478125 0.44375 0.1029296875 0.0755859375
1 0.575 0.5796875 0.097265625 0.075
1 0.39375 0.5953125 0.07578125 0.0712890625
1 0.465625 0.61953125 0.071875 0.064453125
1 0.6015625 0.628125 0.0880859375 0.0716796875
1 0.50234375 0.6546875 0.069921875 0.0595703125
1 0.56640625 0.6578125 0.0892578125 0.0685546875
1 0.4796875 0.73515625 0.0375 0.0421875
1 0.57734375 0.73984375 0.088671875 0.0765625
1 0.44765625 0.7796875 0.0888671875 0.0814453125
1 0.5265625 0.79375 0.096484375 0.0779296875
1 0.4390625 0.8828125 0.0837890625 0.0650390625
1 0.4578125 0.921875 0.069140625 0.0537109375
1 0.4640625 0.96328125 0.075 0.0734375
1 0.73671875 0.09765625 0.108203125 0.0892578125