1 0.51171875 0.29296875 0.101953125 0.148046875
1 0.31171875 0.3015625 0.0796875 0.099609375
1 0.80078125 0.3109375 0.157421875 0.1630859375
1 0.5125 0.32890625 0.084765625 0.1115234375
1 0.57734375 0.034375 0.0640625 0.06875
1 0.39375 0.3515625 0.162890625 0.19609375
1 0.70625 0.36640625 0.09453125 0.134375
1 0.5484375 0.3890625 0.103125 0.1404296875
1 0.2828125 0.390625 0.1060546875 0.1466796875
1 0.89765625 0.39140625 0.135546875 0.1896484375
1 0.63125 0.4015625 0.0939453125 0.1373046875
1 0.965625 0.403125 0.06875 0.146875
1 0.38828125 0.0453125 0.1078125 0.090625
1 0.4625 0.45546875 0.0966796875 0.142578125
1 0.7796875 0.459375 0.125 0.180859375
1 0.496875 0.046875 0.071484375 0.0685546875
1 0.54375 0.475 0.1 0.0841796875
1 0.68125 0.49296875 0.100390625 0.1388671875
1 0.36015625 0.50703125 0.140625 0.1955078125
1 0.4859375 0.525 0.0931640625 0.1224609375
1 0.896875 0.5515625 0.1568359375 0.1904296875
1 0.971875 0.55234375 0.05625 0.1671875
1 0.740625 0.5625 0.1087890625 0.0724609375
1 0.59765625 0.61796875 0.153125 0.1890625
1 0.465625 0.65 0.15625 0.1935546875
1 0.7875 0.66796875 0.1412109375 0.2
1 0.39375 0.6875 0.05 0.08828125
1 0.915625 0.6875 0.13828125 0.159375
1 0.646875 0.70390625 0.0810546875 0.128125
1 0.71953125 0.70390625 0.105078125 0.1857421875
1 0.5828125 0.7734375 0.137109375 0.16484375
1 0.23515625 0.07890625 0.075 0.1171875
1 0.96796875 0.8359375 0.0640625 0.140625
1 0.81171875 0.8515625 0.138671875 0.19375
1 0.3 0.0875 0.09921875 0.15
1 0.6625 0.86640625 0.1185546875 0.18125
1 0.13671875 0.09296875 0.1455078125 0.155078125
1 0.8859375 0.925 0.07265625 0.1345703125
1 0.95234375 0.9375 0.0953125 0.125
1 0.72421875 0.96328125 0.1234375 0.0734375
1 0.82421875 0.96484375 0.0921875 0.0703125
1 0.59453125 0.12109375 0.089453125 0.1578125
1 0.359375 0.1359375 0.1068359375 0.1501953125
1 0.09765625 0.1390625 0.086328125 0.1
1 0.525 0.14296875 0.106640625 0.160546875
1 0.2515625 0.19140625 0.11015625 0.1638671875
1 0.4359375 0.196875 0.1091796875 0.152734375
1 0.33671875 0.2125 0.1078125 0.13125
1 0.6109375 0.26953125 0.1001953125 0.1392578125