1 0.07421875 0.4171875 0.1265625 0.1873046875
1 0.43046875 0.440625 0.105078125 0.149609375
1 0.66796875 0.45234375 0.1396484375 0.1853515625
1 0.803125 0.475 0.1654296875 0.2224609375
1 0.15703125 0.48515625 0.1421875 0.1927734375
1 0.340625 0.49296875 0.131640625 0.1958984375
1 0.53203125 0.528125 0.108203125 0.152734375
1 0.43125 0.5328125 0.1056640625 0.11875
1 0.0828125 0.53984375 0.103125 0.1267578125
1 0.7359375 0.6171875 0.1462890625 0.1912109375
1 0.6125 0.62265625 0.143359375 0.1978515625
1 0.290625 0.62421875 0.1130859375 0.1640625
1 0.428125 0.64609375 0.1224609375 0.178125
1 0.18828125 0.65703125 0.130078125 0.1896484375
1 0.9453125 0.66875 0.109375 0.178125
1 0.48828125 0.671875 0.130078125 0.1814453125
1 0.8703125 0.6984375 0.109375 0.13515625
1 0.546875 0.71328125 0.09296875 0.1330078125
1 0.84453125 0.746875 0.120703125 0.165625
1 0.4671875 0.1109375 0.0626953125 0.0716796875
1 0.19921875 0.18359375 0.141796875 0.1830078125
1 0.05546875 0.20625 0.1109375 0.215625
1 0.390625 0.26484375 0.131640625 0.1888671875
1 0.65546875 0.29296875 0.1296875 0.192578125