1 0.5109375 0.34921875 0.137890625 0.2142578125
1 0.76171875 0.3609375 0.1021484375 0.2056640625
1 0.69296875 0.046875 0.1328125 0.09375
1 0.65546875 0.4453125 0.138671875 0.1748046875
1 0.4296875 0.49296875 0.1529296875 0.1919921875
1 0.30625 0.5 0.1306640625 0.2099609375
1 0.6359375 0.70390625 0.12109375 0.1892578125
1 0.51484375 0.75 0.138671875 0.2123046875
1 0.3984375 0.77421875 0.118359375 0.1423828125
1 0.6015625 0.84453125 0.1412109375 0.2103515625
1 0.428125 0.84765625 0.1310546875 0.201171875
1 0.48359375 0.9140625 0.0671875 0.1380859375
1 0.55078125 0.92578125 0.1171875 0.1484375
1 0.353125 0.146875 0.1255859375 0.1873046875
1 0.60234375 0.20859375 0.1546875 0.221875
1 0.471875 0.22265625 0.150390625 0.235546875
1 0.7140625 0.28046875 0.13359375 0.219921875
1 0.38125 0.29453125 0.1462890625 0.2259765625