1 0.51171875 0.29296875 0.115625 0.155078125
1 0.31171875 0.3015625 0.08125 0.1
1 0.80078125 0.3109375 0.148828125 0.1564453125
1 0.5125 0.32890625 0.090234375 0.1142578125
1 0.57734375 0.03515625 0.0671875 0.0703125
1 0.39375 0.3515625 0.153125 0.1875
1 0.70625 0.36640625 0.084765625 0.128125
1 0.5484375 0.3890625 0.096875 0.1369140625
1 0.2828125 0.390625 0.1029296875 0.1443359375
1 0.89765625 0.39140625 0.1234375 0.1830078125
1 0.63125 0.4015625 0.0837890625 0.1314453125
1 0.96640625 0.403125 0.0671875 0.146875
1 0.38828125 0.046875 0.1140625 0.09375
1 0.4625 0.45546875 0.0931640625 0.139453125
1 0.7796875 0.459375 0.121875 0.178125
1 0.496875 0.046875 0.06953125 0.0681640625
1 0.54375 0.475 0.1 0.0841796875
1 0.68125 0.49296875 0.09375 0.1353515625
1 0.36015625 0.50703125 0.154296875 0.2044921875
1 0.4859375 0.525 0.0873046875 0.1193359375
1 0.896875 0.5515625 0.1529296875 0.1873046875
1 0.971875 0.55234375 0.05625 0.1671875
1 0.740625 0.5625 0.1123046875 0.0810546875
1 0.59765625 0.61796875 0.141796875 0.18125
1 0.465625 0.65 0.153125 0.1912109375
1 0.7875 0.66796875 0.1466796875 0.203125
1 0.39375 0.6875 0.05078125 0.090234375
1 0.915625 0.6875 0.137890625 0.15703125
1 0.646875 0.70390625 0.0869140625 0.13125
1 0.71953125 0.70390625 0.095703125 0.1822265625
1 0.5828125 0.7734375 0.13984375 0.165234375
1 0.23515625 0.07890625 0.071875 0.115625
1 0.96796875 0.8359375 0.0640625 0.140625
1 0.81171875 0.8515625 0.1265625 0.187109375
1 0.3 0.0875 0.10546875 0.153125
1 0.6625 0.86640625 0.1193359375 0.182421875
1 0.13671875 0.09296875 0.1458984375 0.15625
1 0.8859375 0.925 0.078125 0.1373046875
1 0.95234375 0.93671875 0.0953125 0.1265625
1 0.7234375 0.9625 0.125 0.075
1 0.82421875 0.965625 0.0890625 0.06875
1 0.59453125 0.12109375 0.090625 0.1578125
1 0.359375 0.1359375 0.1037109375 0.1474609375
1 0.09765625 0.1390625 0.0890625 0.102734375
1 0.525 0.14296875 0.103515625 0.158203125
1 0.2515625 0.19140625 0.10234375 0.1583984375
1 0.4359375 0.196875 0.1189453125 0.158984375
1 0.33671875 0.2125 0.1125 0.134375
1 0.6109375 0.26953125 0.0970703125 0.1384765625