1 0.5109375 0.34921875 0.12109375 0.2052734375
1 0.76171875 0.3609375 0.1134765625 0.2091796875
1 0.69296875 0.0484375 0.1390625 0.096875
1 0.65546875 0.4453125 0.135546875 0.1720703125
1 0.4296875 0.49296875 0.1494140625 0.1888671875
1 0.30625 0.5 0.1439453125 0.2162109375
1 0.6359375 0.70390625 0.133984375 0.1978515625
1 0.51484375 0.75 0.139453125 0.2126953125
1 0.3984375 0.77421875 0.115234375 0.1396484375
1 0.6015625 0.84453125 0.1314453125 0.2041015625
1 0.428125 0.84765625 0.1287109375 0.2
1 0.48359375 0.9140625 0.064453125 0.1373046875
1 0.55078125 0.92421875 0.1265625 0.1515625
1 0.353125 0.146875 0.1337890625 0.1912109375
1 0.60234375 0.20859375 0.1421875 0.214453125
1 0.471875 0.22265625 0.172265625 0.246875
1 0.7140625 0.28046875 0.14140625 0.2234375
1 0.38125 0.29453125 0.1564453125 0.2302734375