1 0.67734375 0.01328125 0.0984375 0.0265625
1 0.465625 0.1203125 0.13125 0.1125
1 0.82890625 0.128125 0.1859375 0.131640625
1 0.71015625 0.16875 0.157421875 0.1251953125
1 0.440625 0.01953125 0.109375 0.0390625
1 0.3765625 0.18671875 0.0994140625 0.067578125
1 0.5578125 0.19140625 0.174609375 0.126171875
1 0.91484375 0.1953125 0.1703125 0.153125
1 0.5765625 0.02109375 0.13125 0.0421875
1 0.2875 0.20625 0.1501953125 0.115625
1 0.43203125 0.23125 0.1392578125 0.100390625
1 0.7859375 0.2453125 0.1751953125 0.125
1 0.034375 0.25625 0.06875 0.065625
1 0.65 0.26640625 0.17578125 0.1205078125
1 0.9 0.2703125 0.1099609375 0.0716796875
1 0.50546875 0.290625 0.1580078125 0.1125
1 0.36484375 0.29453125 0.1427734375 0.107421875
1 0.1578125 0.30390625 0.156640625 0.1078125
1 0.05078125 0.3109375 0.1015625 0.084375
1 0.95703125 0.034375 0.0859375 0.06875
1 0.86953125 0.3453125 0.1302734375 0.109765625
1 0.6 0.35 0.1744140625 0.13125
1 0.7484375 0.359375 0.1470703125 0.1287109375
1 0.43359375 0.3703125 0.1677734375 0.121484375
1 0.3328125 0.38203125 0.130859375 0.101171875
1 0.67265625 0.3859375 0.142578125 0.122265625
1 0.54140625 0.396875 0.13125 0.108984375
1 0.88671875 0.41328125 0.0521484375 0.0453125
1 0.81328125 0.04375 0.1640625 0.0875
1 0.6234375 0.4375 0.080859375 0.065625
1 0.490625 0.04453125 0.1318359375 0.0763671875
1 0.8046875 0.44453125 0.1619140625 0.1052734375
1 0.4453125 0.4578125 0.144140625 0.10390625
1 0.6828125 0.49140625 0.156640625 0.1015625
1 0.525 0.49296875 0.1310546875 0.117578125
1 0.32890625 0.49609375 0.1484375 0.098046875
1 0.296875 0.55078125 0.124609375 0.089453125
1 0.4125 0.571875 0.1626953125 0.1033203125
1 0.6578125 0.57265625 0.0818359375 0.098046875
1 0.521875 0.62109375 0.1380859375 0.111328125
1 0.34296875 0.621875 0.129296875 0.0876953125
1 0.13984375 0.63125 0.116796875 0.1
1 0.4453125 0.634375 0.0681640625 0.07578125
1 0.07109375 0.6515625 0.110546875 0.06484375
1 0.41171875 0.6828125 0.129296875 0.0935546875
1 0.3375 0.70390625 0.133984375 0.121875
1 0.5609375 0.7140625 0.103515625 0.0716796875
1 0.11875 0.72265625 0.1375 0.0921875
1 0.675 0.0734375 0.15703125 0.112890625
1 0.2953125 0.734375 0.1212890625 0.097265625
1 0.44765625 0.7484375 0.1208984375 0.103515625
1 0.2203125 0.753125 0.1001953125 0.08671875
1 0.51015625 0.7953125 0.1271484375 0.0970703125
1 0.60859375 0.796875 0.1078125 0.10078125
1 0.3359375 0.81171875 0.1216796875 0.083203125
1 0.41171875 0.8171875 0.0388671875 0.047265625
1 0.23125 0.821875 0.1154296875 0.0904296875
1 0.47109375 0.8296875 0.1080078125 0.0775390625
1 0.35625 0.84453125 0.0998046875 0.0517578125
1 0.528125 0.85625 0.0849609375 0.0744140625
1 0.434375 0.87890625 0.1318359375 0.0888671875
1 0.609375 0.890625 0.0662109375 0.084765625
1 0.3203125 0.8984375 0.1181640625 0.08984375
1 0.2234375 0.903125 0.10390625 0.07578125
1 0.553125 0.09140625 0.1537109375 0.114453125
1 0.12109375 0.92421875 0.0638671875 0.0509765625
1 0.17265625 0.92734375 0.0919921875 0.0609375
1 0.390625 0.934375 0.0931640625 0.065625
1 0.48046875 0.94453125 0.1142578125 0.1015625
1 0.2828125 0.95859375 0.14375 0.0828125
1 0.153125 0.96875 0.103125 0.0625