1 0.67734375 0.01328125 0.0984375 0.0265625
1 0.465625 0.1203125 0.13203125 0.115234375
1 0.82890625 0.128125 0.184375 0.128515625
1 0.71015625 0.16875 0.1578125 0.1275390625
1 0.440625 0.0203125 0.109375 0.040625
1 0.3765625 0.18671875 0.1001953125 0.0703125
1 0.5578125 0.19140625 0.178125 0.132421875
1 0.91796875 0.1953125 0.1640625 0.140625
1 0.5765625 0.02109375 0.13125 0.0421875
1 0.2875 0.20625 0.1533203125 0.11953125
1 0.43203125 0.23125 0.1396484375 0.102734375
1 0.7859375 0.2453125 0.1755859375 0.125390625
1 0.034375 0.25703125 0.06875 0.0638671875
1 0.65 0.26640625 0.18125 0.1271484375
1 0.9 0.2703125 0.1091796875 0.0662109375
1 0.50546875 0.290625 0.1611328125 0.118359375
1 0.36484375 0.29453125 0.1458984375 0.111328125
1 0.1578125 0.30390625 0.16015625 0.1140625
1 0.05078125 0.31015625 0.1015625 0.0828125
1 0.95703125 0.03359375 0.0859375 0.0671875
1 0.86953125 0.3453125 0.1388671875 0.12109375
1 0.6 0.35 0.1650390625 0.116015625
1 0.7484375 0.359375 0.1591796875 0.1435546875
1 0.43359375 0.3703125 0.1607421875 0.106640625
1 0.3328125 0.38203125 0.131640625 0.104296875
1 0.67265625 0.3859375 0.1359375 0.11484375
1 0.54140625 0.396875 0.128125 0.10546875
1 0.88671875 0.41328125 0.0486328125 0.040625
1 0.8125 0.04609375 0.16875 0.0921875
1 0.6234375 0.4375 0.07890625 0.065625
1 0.490625 0.04453125 0.1337890625 0.0767578125
1 0.8046875 0.44453125 0.1681640625 0.1169921875
1 0.4453125 0.4578125 0.14609375 0.105859375
1 0.6828125 0.49140625 0.156640625 0.1
1 0.525 0.49296875 0.1244140625 0.109375
1 0.32890625 0.49609375 0.154296875 0.1078125
1 0.296875 0.55078125 0.121484375 0.084375
1 0.4125 0.571875 0.1685546875 0.1126953125
1 0.6578125 0.57265625 0.0873046875 0.1015625
1 0.521875 0.62109375 0.1474609375 0.123828125
1 0.34296875 0.621875 0.123828125 0.0806640625
1 0.13984375 0.63125 0.11875 0.103125
1 0.4453125 0.634375 0.0654296875 0.075
1 0.07109375 0.6515625 0.110546875 0.065625
1 0.41171875 0.6828125 0.133203125 0.1005859375
1 0.3375 0.70390625 0.133984375 0.121875
1 0.5609375 0.7140625 0.103515625 0.0720703125
1 0.11875 0.72265625 0.13125 0.080078125
1 0.675 0.0734375 0.159375 0.115625
1 0.2953125 0.734375 0.1185546875 0.094140625
1 0.44765625 0.7484375 0.1294921875 0.11484375
1 0.2203125 0.753125 0.1033203125 0.08828125
1 0.51015625 0.7953125 0.1294921875 0.0998046875
1 0.60859375 0.796875 0.103125 0.096875
1 0.3359375 0.81171875 0.1220703125 0.085546875
1 0.41171875 0.8171875 0.0365234375 0.046484375
1 0.23125 0.821875 0.1162109375 0.0931640625
1 0.47109375 0.8296875 0.1044921875 0.0716796875
1 0.35625 0.84453125 0.0994140625 0.0509765625
1 0.528125 0.85625 0.0869140625 0.0751953125
1 0.434375 0.87890625 0.1341796875 0.0919921875
1 0.609375 0.890625 0.0689453125 0.087109375
1 0.3203125 0.8984375 0.1189453125 0.090625
1 0.2234375 0.903125 0.106640625 0.080859375
1 0.553125 0.09140625 0.1537109375 0.114453125
1 0.12109375 0.92421875 0.0638671875 0.0509765625
1 0.17265625 0.92734375 0.0947265625 0.066796875
1 0.390625 0.934375 0.0904296875 0.06171875
1 0.48046875 0.94453125 0.1169921875 0.103125
1 0.28203125 0.95859375 0.1421875 0.0828125
1 0.153125 0.9671875 0.10625 0.065625