1 0.37734375 0.17578125 0.085546875 0.0865234375
1 0.575 0.18828125 0.0845703125 0.0875
1 0.48359375 0.19921875 0.0896484375 0.094921875
1 0.4203125 0.20859375 0.0873046875 0.076171875
1 0.4484375 0.2734375 0.0908203125 0.0900390625
1 0.51328125 0.2734375 0.0640625 0.078125
1 0.51953125 0.3328125 0.0609375 0.0654296875
1 0.4046875 0.4078125 0.105859375 0.07890625
1 0.43125 0.046875 0.103125 0.09375
1 0.53046875 0.48671875 0.089453125 0.092578125
1 0.465625 0.503125 0.069140625 0.09375
1 0.50078125 0.5453125 0.1046875 0.066015625
1 0.56875 0.5640625 0.046484375 0.0564453125
1 0.32265625 0.58984375 0.076953125 0.090625
1 0.4125 0.59375 0.1025390625 0.096875
1 0.49765625 0.63671875 0.095703125 0.092578125
1 0.41328125 0.665625 0.0953125 0.0873046875
1 0.24453125 0.68515625 0.0822265625 0.0734375
1 0.5359375 0.71328125 0.0720703125 0.080078125
1 0.47734375 0.73671875 0.0896484375 0.0884765625
1 0.23046875 0.74609375 0.082421875 0.080078125
1 0.559375 0.79609375 0.0931640625 0.1041015625
1 0.278125 0.79765625 0.08125 0.094921875
1 0.42578125 0.79765625 0.086328125 0.0984375
1 0.1765625 0.7984375 0.0533203125 0.059375
1 0.49140625 0.8140625 0.0861328125 0.0849609375
1 0.2171875 0.81484375 0.0724609375 0.0796875
1 0.42265625 0.865625 0.0517578125 0.0625
1 0.203125 0.8671875 0.062109375 0.0658203125
1 0.25859375 0.871875 0.0583984375 0.0716796875
1 0.47890625 0.88359375 0.0857421875 0.0763671875
1 0.521875 0.9109375 0.0525390625 0.0556640625
1 0.24921875 0.91484375 0.0544921875 0.048046875
1 0.425 0.9359375 0.0529296875 0.091015625
1 0.47265625 0.94765625 0.0822265625 0.078125
1 0.60234375 0.11796875 0.079296875 0.0609375
1 0.559375 0.12265625 0.080859375 0.065625
1 0.4390625 0.1375 0.094140625 0.0966796875