1 0.62734375 0.346875 0.0986328125 0.09296875
1 0.690625 0.40859375 0.0876953125 0.1046875
1 0.80078125 0.41015625 0.1423828125 0.109375
1 0.95859375 0.421875 0.076171875 0.075
1 0.871875 0.44296875 0.1349609375 0.1109375
1 0.584375 0.465625 0.1244140625 0.100390625
1 0.63671875 0.5 0.1427734375 0.10078125
1 0.76796875 0.515625 0.1517578125 0.112109375
1 0.84375 0.53125 0.102734375 0.10078125
1 0.61328125 0.5546875 0.120703125 0.077734375
1 0.6875 0.609375 0.119140625 0.0912109375
1 0.59296875 0.62734375 0.1109375 0.0828125
1 0.984375 0.065625 0.03125 0.08125
1 0.69140625 0.66796875 0.0978515625 0.0583984375
1 0.53203125 0.70546875 0.1427734375 0.1013671875
1 0.66484375 0.72265625 0.1478515625 0.1078125
1 0.33046875 0.75078125 0.1521484375 0.1048828125
1 0.453125 0.796875 0.1537109375 0.1158203125
1 0.31484375 0.8234375 0.1455078125 0.0814453125
1 0.875 0.84140625 0.1251953125 0.085546875
1 0.77109375 0.85703125 0.0826171875 0.0736328125
1 0.42734375 0.86484375 0.1388671875 0.0919921875
1 0.79296875 0.88359375 0.1076171875 0.075
1 0.52578125 0.128125 0.0919921875 0.0876953125
1 0.61015625 0.13359375 0.1125 0.0890625