1 0.3203125 0.96640625 0.10625 0.0671875
1 0.7484375 0.096875 0.1099609375 0.159765625
1 0.73359375 0.17109375 0.0921875 0.116796875
1 0.50859375 0.25546875 0.0861328125 0.1197265625
1 0.72734375 0.27265625 0.104296875 0.1728515625
1 0.425 0.35078125 0.0939453125 0.1166015625
1 0.50625 0.37109375 0.0966796875 0.159375
1 0.6984375 0.403125 0.0943359375 0.1681640625
1 0.6265625 0.4390625 0.0931640625 0.169140625
1 0.56640625 0.465625 0.1021484375 0.159765625
1 0.43515625 0.46640625 0.1240234375 0.204296875
1 0.3875 0.525 0.1087890625 0.1724609375
1 0.58046875 0.5578125 0.0736328125 0.1123046875
1 0.5015625 0.56171875 0.1060546875 0.1740234375
1 0.5265625 0.678125 0.105859375 0.1689453125
1 0.4671875 0.73984375 0.0994140625 0.1359375
1 0.30234375 0.85546875 0.0986328125 0.196875