5 0.85 0.2671875 0.2158203125 0.294140625
5 0.70703125 0.4265625 0.203125 0.3255859375
5 0.2421875 0.43046875 0.484375 0.6984375
5 0.72265625 0.46015625 0.535546875 0.771875
5 0.52578125 0.48984375 0.1361328125 0.363671875
5 0.8859375 0.52890625 0.1599609375 0.2826171875
5 0.61796875 0.5671875 0.1583984375 0.234765625
5 0.7359375 0.7015625 0.169140625 0.237109375
5 0.56796875 0.71328125 0.173046875 0.2240234375
5 0.675 0.18125 0.190234375 0.278125
5 0.56953125 0.20390625 0.2291015625 0.2958984375