1 0.9015625 0.09453125 0.069140625 0.0634765625
1 0.9234375 0.23671875 0.1474609375 0.164453125
1 0.565625 0.2671875 0.1193359375 0.10859375
1 0.76953125 0.27421875 0.1642578125 0.2166015625
1 0.365625 0.29609375 0.100390625 0.1353515625
1 0.92421875 0.3796875 0.1201171875 0.14765625
1 0.16171875 0.39140625 0.1484375 0.2017578125
1 0.46875 0.39609375 0.0873046875 0.0732421875
1 0.76328125 0.4234375 0.1 0.1275390625
1 0.3578125 0.44140625 0.090625 0.0830078125
1 0.453125 0.45703125 0.1251953125 0.130078125
1 0.859375 0.46015625 0.1681640625 0.2013671875
1 0.52421875 0.4734375 0.1455078125 0.1837890625
1 0.965625 0.48984375 0.06875 0.1828125
1 0.37109375 0.490625 0.080078125 0.075
1 0.66015625 0.515625 0.154296875 0.178515625
1 0.221875 0.52265625 0.1279296875 0.1732421875
1 0.975 0.53828125 0.05 0.1765625
1 0.3078125 0.5546875 0.14140625 0.162109375
1 0.4265625 0.578125 0.1498046875 0.2025390625
1 0.93984375 0.5921875 0.1072265625 0.1525390625
1 0.85546875 0.63203125 0.1541015625 0.198046875
1 0.1359375 0.640625 0.14375 0.171484375
1 0.4921875 0.6640625 0.0974609375 0.156640625
1 0.1953125 0.675 0.0966796875 0.14296875
1 0.590625 0.67734375 0.137109375 0.16875
1 0.72734375 0.68046875 0.145703125 0.1953125
1 0.95234375 0.7171875 0.0953125 0.165625
1 0.29140625 0.72109375 0.141796875 0.1708984375