1 0.240625 0.38046875 0.0498046875 0.090625
1 0.6 0.42265625 0.09921875 0.148046875
1 0.690625 0.49453125 0.093359375 0.153125
1 0.38671875 0.56171875 0.0791015625 0.145703125
1 0.56171875 0.56875 0.0955078125 0.147265625
1 0.4328125 0.58046875 0.04765625 0.1146484375
1 0.83125 0.58046875 0.055859375 0.1146484375
1 0.17890625 0.59765625 0.0572265625 0.092578125
1 0.7953125 0.60078125 0.0806640625 0.1169921875
1 0.46484375 0.63203125 0.08125 0.1384765625
1 0.33125 0.63359375 0.0435546875 0.076953125
1 0.64609375 0.6609375 0.0798828125 0.1369140625
1 0.7078125 0.6640625 0.0751953125 0.1341796875
1 0.40390625 0.66796875 0.0572265625 0.0861328125
1 0.48828125 0.68828125 0.058203125 0.0958984375
1 0.8109375 0.68828125 0.0595703125 0.0921875
1 0.8546875 0.68984375 0.046484375 0.126953125
1 0.32734375 0.72421875 0.057421875 0.108203125
1 0.26484375 0.74453125 0.055078125 0.1146484375
1 0.4453125 0.75703125 0.0716796875 0.1205078125
1 0.29765625 0.77578125 0.0796875 0.140625
1 0.378125 0.96640625 0.06875 0.0671875
1 0.16484375 0.15390625 0.0392578125 0.0611328125
1 0.3671875 0.228125 0.0533203125 0.0783203125
1 0.228125 0.2296875 0.043359375 0.0654296875
1 0.27265625 0.271875 0.0548828125 0.096484375
1 0.3203125 0.29453125 0.071875 0.09375