1 0.284375 0.32109375 0.1181640625 0.1576171875
1 0.08828125 0.32421875 0.133203125 0.1763671875
1 0.19609375 0.34140625 0.0986328125 0.1486328125
1 0.90625 0.38125 0.109375 0.1349609375
1 0.3 0.4671875 0.13671875 0.1654296875
1 0.9 0.4890625 0.119140625 0.1591796875
1 0.61328125 0.5046875 0.1359375 0.1837890625
1 0.50859375 0.5078125 0.1384765625 0.1787109375
1 0.80390625 0.5359375 0.0978515625 0.1408203125
1 0.73203125 0.575 0.0984375 0.1314453125
1 0.925 0.5921875 0.083984375 0.1337890625
1 0.52109375 0.64765625 0.114453125 0.1419921875
1 0.853125 0.64765625 0.103125 0.1490234375
1 0.6984375 0.64921875 0.103125 0.111328125
1 0.615625 0.65078125 0.124609375 0.1455078125
1 0.78671875 0.65234375 0.0513671875 0.094921875
1 0.68125 0.74453125 0.11328125 0.1451171875
1 0.87265625 0.22890625 0.0890625 0.080078125
1 0.43984375 0.26015625 0.1509765625 0.1888671875
1 0.57421875 0.29453125 0.079296875 0.095703125
1 0.5765625 0.29453125 0.07734375 0.0828125