1 0.284375 0.32109375 0.1255859375 0.1634765625
1 0.08828125 0.32421875 0.136328125 0.1771484375
1 0.19609375 0.34140625 0.1076171875 0.1541015625
1 0.90625 0.38125 0.10625 0.1341796875
1 0.3 0.4671875 0.134765625 0.1650390625
1 0.9 0.4890625 0.10625 0.1501953125
1 0.61328125 0.5046875 0.129296875 0.1783203125
1 0.50859375 0.5078125 0.1298828125 0.1744140625
1 0.80390625 0.5359375 0.0978515625 0.1408203125
1 0.73203125 0.575 0.1046875 0.1349609375
1 0.925 0.5921875 0.08671875 0.1345703125
1 0.52109375 0.64765625 0.117578125 0.1447265625
1 0.853125 0.64765625 0.112109375 0.1544921875
1 0.6984375 0.64921875 0.109375 0.116796875
1 0.615625 0.65078125 0.127734375 0.1478515625
1 0.78671875 0.65234375 0.0521484375 0.0953125
1 0.68125 0.74453125 0.1125 0.1427734375
1 0.87265625 0.22890625 0.0875 0.079296875
1 0.43984375 0.26015625 0.1427734375 0.1830078125
1 0.57421875 0.29453125 0.078125 0.095703125
1 0.5765625 0.29453125 0.08359375 0.088671875