5 0.8953125 0.0546875 0.1873046875 0.0994140625
5 0.353125 0.7828125 0.252734375 0.21875
5 0.121875 0.7890625 0.2345703125 0.1931640625
5 0.240625 0.83515625 0.4712890625 0.3208984375
5 0.29140625 0.90703125 0.248828125 0.1455078125
5 0.16015625 0.9390625 0.25625 0.1095703125
5 0.93046875 0.09921875 0.1390625 0.1107421875
5 0.78671875 0.11328125 0.101171875 0.1396484375
5 0.90859375 0.15859375 0.1828125 0.2453125
5 0.71015625 0.16015625 0.163671875 0.211328125
5 0.75078125 0.17734375 0.4984375 0.3546875
5 0.67421875 0.18515625 0.3134765625 0.285546875
5 0.9046875 0.196875 0.190625 0.1625
5 0.615625 0.2046875 0.2154296875 0.234765625