1 0.35859375 0.77265625 0.15 0.1541015625
1 0.4890625 0.77734375 0.15390625 0.148046875
1 0.24453125 0.45703125 0.134375 0.1392578125
1 0.66171875 0.48359375 0.1478515625 0.1447265625
1 0.9171875 0.515625 0.14609375 0.140234375
1 0.35390625 0.55234375 0.1646484375 0.1544921875
1 0.71015625 0.590625 0.1548828125 0.1537109375
1 0.57890625 0.6 0.116796875 0.1306640625
1 0.5015625 0.6359375 0.1380859375 0.1349609375
1 0.50859375 0.6453125 0.117578125 0.127734375
1 0.27890625 0.66015625 0.1453125 0.1416015625
1 0.41640625 0.690625 0.113671875 0.105859375