1 0.678125 0.803125 0.1412109375 0.1
1 0.85390625 0.08203125 0.1515625 0.1384765625
1 0.50078125 0.82734375 0.1359375 0.109375
1 0.5875 0.846875 0.140625 0.108984375
1 0.38671875 0.8484375 0.117578125 0.108984375
1 0.4703125 0.91484375 0.1150390625 0.0978515625
1 0.53203125 0.92109375 0.0546875 0.0798828125
1 0.5296875 0.19921875 0.125390625 0.111328125
1 0.10546875 0.24375 0.0486328125 0.0880859375
1 0.04609375 0.24609375 0.0921875 0.1140625
1 0.49609375 0.2890625 0.132421875 0.10390625
1 0.6125 0.3328125 0.071875 0.058984375
1 0.02421875 0.03359375 0.0484375 0.0669921875
1 0.48515625 0.3984375 0.173828125 0.1462890625
1 0.66171875 0.409375 0.1576171875 0.119140625
1 0.73984375 0.4296875 0.0890625 0.10390625
1 0.46796875 0.04921875 0.1609375 0.0984375
1 0.14140625 0.5078125 0.095703125 0.083984375
1 0.1 0.54921875 0.11171875 0.0875
1 0.66484375 0.57421875 0.1265625 0.0990234375
1 0.040625 0.59609375 0.08125 0.0953125
1 0.74921875 0.60625 0.1296875 0.1068359375
1 0.4421875 0.60625 0.140234375 0.118359375
1 0.678125 0.66796875 0.103515625 0.0638671875
1 0.36171875 0.690625 0.1294921875 0.1033203125
1 0.23671875 0.071875 0.082421875 0.106640625
1 0.69296875 0.72265625 0.1173828125 0.0671875
1 0.46953125 0.73046875 0.1359375 0.109375
1 0.57421875 0.73125 0.0853515625 0.06953125