5 0.8625 0.44375 0.275 0.459375
5 0.37421875 0.4859375 0.2853515625 0.4841796875
5 0.6296875 0.48984375 0.2712890625 0.4353515625
5 0.5 0.4953125 1 0.990625
5 0.11328125 0.5234375 0.2236328125 0.4345703125
5 0.4921875 0.7578125 0.2064453125 0.2943359375
5 0.90859375 0.80625 0.1828125 0.303125
5 0.7265625 0.8171875 0.199609375 0.2818359375
5 0.2796875 0.83125 0.1912109375 0.3220703125
5 0.61953125 0.859375 0.2173828125 0.265625
5 0.0953125 0.86015625 0.190625 0.2515625
5 0.46640625 0.9453125 0.1421875 0.109375
5 0.96328125 0.09453125 0.0734375 0.1828125
5 0.81640625 0.1046875 0.2453125 0.209375
5 0.5890625 0.1140625 0.219140625 0.2251953125
5 0.38671875 0.11953125 0.2140625 0.2390625
5 0.18046875 0.1296875 0.2421875 0.259375
5 0.046875 0.1453125 0.09375 0.2875