1 0.7890625 0.3 0.05859375 0.1123046875
1 0.62421875 0.30234375 0.060546875 0.098828125
1 0.03984375 0.3125 0.0677734375 0.096875
1 0.734375 0.3125 0.0716796875 0.109765625
1 0.6921875 0.3265625 0.0373046875 0.084375
1 0.909375 0.0359375 0.071875 0.071875
1 0.73828125 0.3765625 0.0734375 0.0625
1 0.0234375 0.4 0.046875 0.071875
1 0.71953125 0.4078125 0.076171875 0.05625
1 0.02734375 0.0453125 0.0546875 0.090625
1 0.078125 0.05859375 0.058984375 0.095703125
1 0.8875 0.62109375 0.0783203125 0.098828125
1 0.875 0.69375 0.0689453125 0.112109375
1 0.68671875 0.70859375 0.0728515625 0.1203125
1 0.90546875 0.73515625 0.063671875 0.104296875
1 0.815625 0.74375 0.0533203125 0.115625
1 0.73359375 0.7578125 0.078125 0.1150390625
1 0.68671875 0.78515625 0.0423828125 0.0666015625
1 0.778125 0.7984375 0.0685546875 0.118359375
1 0.70390625 0.83359375 0.058203125 0.089453125
1 0.0265625 0.10703125 0.053125 0.0734375
1 0.059375 0.1296875 0.0474609375 0.081640625
1 0.63984375 0.16640625 0.0734375 0.1140625
1 0.5359375 0.1671875 0.059375 0.103515625
1 0.74140625 0.20859375 0.0740234375 0.116796875
1 0.68671875 0.21640625 0.0642578125 0.1109375
1 0.6203125 0.225 0.077734375 0.0880859375
1 0.04921875 0.2359375 0.0515625 0.066015625