1 0.909375 0.22890625 0.0841796875 0.0986328125
1 0.95390625 0.2671875 0.075 0.1560546875
1 0.6359375 0.31015625 0.0943359375 0.1208984375
1 0.98359375 0.3125 0.0328125 0.1125
1 0.775 0.321875 0.094140625 0.125390625
1 0.9125 0.3328125 0.1060546875 0.141015625
1 0.56328125 0.3484375 0.073046875 0.1029296875
1 0.8328125 0.35390625 0.065625 0.1388671875
1 0.71171875 0.365625 0.0703125 0.1029296875
1 0.6015625 0.3703125 0.047265625 0.072265625
1 0.6625 0.4171875 0.1119140625 0.1369140625
1 0.7734375 0.42421875 0.0849609375 0.1076171875
1 0.846875 0.42734375 0.0625 0.0955078125
1 0.5984375 0.428125 0.059765625 0.080859375
1 0.95625 0.434375 0.0875 0.1375
1 0.57109375 0.47421875 0.0333984375 0.0611328125
1 0.81015625 0.490625 0.0826171875 0.1154296875
1 0.734375 0.49453125 0.07578125 0.125
1 0.865625 0.5046875 0.062109375 0.1
1 0.6109375 0.51015625 0.075 0.1171875
1 0.51328125 0.5203125 0.06875 0.075
1 0.68125 0.53984375 0.075390625 0.111328125
1 0.46796875 0.58359375 0.0357421875 0.0484375
1 0.525 0.61015625 0.1 0.1392578125
1 0.4390625 0.63125 0.06484375 0.0908203125
1 0.8046875 0.65 0.0751953125 0.103125
1 0.378125 0.66015625 0.0685546875 0.0953125
1 0.490625 0.66875 0.0693359375 0.083984375
1 0.9796875 0.6828125 0.040625 0.1125
1 0.93984375 0.6875 0.0708984375 0.0931640625
1 0.81015625 0.7140625 0.075 0.0814453125
1 0.5078125 0.76953125 0.12109375 0.1646484375
1 0.734375 0.86640625 0.0595703125 0.103125
1 0.78828125 0.8703125 0.075 0.1123046875
1 0.3484375 0.8828125 0.12265625 0.193359375
1 0.8296875 0.92109375 0.0498046875 0.0515625
1 0.98359375 0.9375 0.0328125 0.125
1 0.81484375 0.96171875 0.0828125 0.0765625