1 0.4015625 0.1421875 0.174609375 0.1412109375
1 0.1140625 0.2625 0.1498046875 0.1376953125
1 0.0484375 0.0328125 0.096875 0.065625
1 0.60078125 0.34765625 0.1201171875 0.1115234375
1 0.26640625 0.40625 0.142578125 0.1623046875
1 0.37734375 0.46171875 0.135546875 0.1509765625
1 0.22734375 0.46484375 0.115625 0.1359375
1 0.6015625 0.496875 0.156640625 0.1537109375
1 0.9125 0.5375 0.1625 0.168359375
1 0.42734375 0.55078125 0.104296875 0.1265625
1 0.13671875 0.5703125 0.1138671875 0.11875
1 0.23046875 0.584375 0.1265625 0.1376953125
1 0.621875 0.6109375 0.0654296875 0.10859375
1 0.79140625 0.625 0.1646484375 0.1591796875
1 0.69765625 0.63984375 0.109375 0.145703125
1 0.64921875 0.73203125 0.0734375 0.1166015625
1 0.8484375 0.77421875 0.1349609375 0.142578125
1 0.8140625 0.80859375 0.134765625 0.1453125