1 0.4015625 0.1421875 0.18359375 0.1537109375
1 0.1140625 0.2625 0.1591796875 0.1494140625
1 0.04921875 0.034375 0.0984375 0.06875
1 0.60078125 0.34765625 0.1201171875 0.1115234375
1 0.26640625 0.40625 0.1421875 0.1619140625
1 0.37734375 0.46171875 0.1296875 0.1455078125
1 0.22734375 0.46484375 0.109375 0.13125
1 0.6015625 0.496875 0.159375 0.1564453125
1 0.9125 0.5375 0.15546875 0.159375
1 0.42734375 0.55078125 0.1046875 0.1265625
1 0.13671875 0.5703125 0.1138671875 0.11875
1 0.23046875 0.584375 0.125 0.1369140625
1 0.621875 0.6109375 0.0681640625 0.108984375
1 0.79140625 0.625 0.1673828125 0.1619140625
1 0.69765625 0.63984375 0.114453125 0.148828125
1 0.64921875 0.73203125 0.078125 0.1197265625
1 0.8484375 0.77421875 0.1380859375 0.1453125
1 0.8140625 0.80859375 0.12890625 0.140625