1 0.92265625 0.01796875 0.0609375 0.0359375
1 0.74453125 0.02109375 0.0671875 0.0421875
1 0.4265625 0.215625 0.175 0.2095703125
1 0.59296875 0.225 0.057421875 0.121875
1 0.1234375 0.2421875 0.05234375 0.080859375
1 0.60859375 0.2921875 0.09375 0.10234375
1 0.45859375 0.32734375 0.0796875 0.0892578125
1 0.3671875 0.33828125 0.1130859375 0.165625
1 0.26640625 0.34296875 0.1544921875 0.1921875
1 0.68984375 0.36640625 0.1580078125 0.1921875
1 0.5546875 0.3953125 0.162109375 0.2150390625
1 0.4265625 0.41953125 0.137890625 0.1857421875
1 0.75859375 0.42890625 0.1541015625 0.215625
1 0.11328125 0.453125 0.091796875 0.106640625
1 0.240625 0.45859375 0.15625 0.1740234375
1 0.6453125 0.50625 0.1287109375 0.1724609375
1 0.35703125 0.52109375 0.1416015625 0.128125
1 0.81640625 0.05859375 0.1453125 0.1171875
1 0.52109375 0.5703125 0.153125 0.196875
1 0.40078125 0.6125 0.1583984375 0.199609375
1 0.2578125 0.61875 0.1595703125 0.1970703125
1 0.02421875 0.77265625 0.0484375 0.0859375
1 0.14765625 0.8234375 0.0830078125 0.10625
1 0.4203125 0.8546875 0.0724609375 0.0994140625
1 0.2734375 0.85625 0.09765625 0.11328125
1 0.06953125 0.8734375 0.1390625 0.2125
1 0.715625 0.875 0.081640625 0.100390625
1 0.7796875 0.91171875 0.075390625 0.0978515625
1 0.3296875 0.9203125 0.093359375 0.1025390625
1 0.634375 0.928125 0.09296875 0.1185546875
1 0.5734375 0.94140625 0.040234375 0.0763671875
1 0.84140625 0.95859375 0.0984375 0.0828125
1 0.69296875 0.9609375 0.1078125 0.078125
1 0.76328125 0.96796875 0.0703125 0.0640625
1 0.20703125 0.1484375 0.044921875 0.0564453125