1 0.80390625 0.2140625 0.2736328125 0.3693359375
1 0.68046875 0.26171875 0.0978515625 0.2109375
1 0.5875 0.28515625 0.144140625 0.2080078125
1 0.40546875 0.390625 0.1625 0.2470703125
1 0.56484375 0.396875 0.1009765625 0.137890625
1 0.81484375 0.45234375 0.16875 0.2330078125
1 0.4859375 0.46796875 0.1935546875 0.26875
1 0.6703125 0.48515625 0.1912109375 0.2611328125
1 0.3046875 0.59765625 0.1216796875 0.1580078125
1 0.60703125 0.60703125 0.1982421875 0.2958984375
1 0.48515625 0.69921875 0.13125 0.215625
1 0.36953125 0.759375 0.161328125 0.2306640625
1 0.59453125 0.76875 0.1484375 0.156640625
1 0.0515625 0.8828125 0.103125 0.234375
1 0.56484375 0.9609375 0.1203125 0.078125