1 0.70078125 0.0265625 0.0515625 0.049609375
1 0.528125 0.27578125 0.1375 0.1611328125
1 0.35390625 0.334375 0.1302734375 0.1501953125
1 0.4 0.4015625 0.1505859375 0.19609375
1 0.28984375 0.4328125 0.1205078125 0.1560546875
1 0.56875 0.44453125 0.13203125 0.1765625
1 0.628125 0.446875 0.06875 0.146875
1 0.7875 0.5015625 0.1150390625 0.1162109375
1 0.49375 0.50234375 0.1126953125 0.184375
1 0.3734375 0.5265625 0.115234375 0.1375
1 0.62578125 0.5359375 0.0578125 0.0654296875
1 0.790625 0.58984375 0.124609375 0.1455078125
1 0.68984375 0.60703125 0.1146484375 0.1384765625
1 0.63203125 0.61328125 0.0640625 0.1166015625
1 0.4515625 0.62265625 0.13515625 0.1822265625
1 0.54609375 0.625 0.091796875 0.146875
1 0.796875 0.6875 0.103125 0.1185546875
1 0.7078125 0.71875 0.10625 0.121875
1 0.6375 0.73125 0.074609375 0.11796875
1 0.81875 0.95703125 0.1375 0.0859375