1 0.5359375 0.91171875 0.0466796875 0.0708984375
1 0.565625 0.9484375 0.0501953125 0.06484375
1 0.2859375 0.2859375 0.0783203125 0.1123046875
1 0.52734375 0.2890625 0.0765625 0.1
1 0.2203125 0.31015625 0.078125 0.1166015625
1 0.44453125 0.35234375 0.0765625 0.115625
1 0.33515625 0.36328125 0.085546875 0.110546875
1 0.5140625 0.365625 0.080859375 0.11796875
1 0.64296875 0.38515625 0.0517578125 0.0763671875
1 0.22578125 0.38671875 0.073828125 0.0609375
1 0.5515625 0.390625 0.05625 0.09921875
1 0.39765625 0.40859375 0.0830078125 0.1205078125
1 0.14140625 0.42578125 0.0673828125 0.098828125
1 0.48359375 0.4375 0.0763671875 0.0970703125
1 0.3125 0.43984375 0.075 0.1048828125
1 0.69609375 0.48203125 0.0546875 0.0798828125
1 0.6109375 0.48671875 0.058984375 0.0955078125
1 0.53125 0.4953125 0.0814453125 0.116015625
1 0.46171875 0.4984375 0.0642578125 0.0560546875
1 0.40234375 0.50546875 0.069921875 0.1041015625
1 0.65390625 0.51953125 0.0517578125 0.0865234375
1 0.8015625 0.52421875 0.0537109375 0.0669921875
1 0.33828125 0.54453125 0.084375 0.1173828125
1 0.459375 0.55546875 0.068359375 0.1115234375
1 0.73671875 0.5765625 0.061328125 0.087109375
1 0.4015625 0.596875 0.0658203125 0.093359375
1 0.55078125 0.59765625 0.0634765625 0.0703125
1 0.484375 0.603125 0.0712890625 0.1005859375
1 0.625 0.6234375 0.0408203125 0.0748046875
1 0.70546875 0.6328125 0.063671875 0.094140625
1 0.35546875 0.64296875 0.0763671875 0.107421875
1 0.52734375 0.65 0.053125 0.0748046875
1 0.7484375 0.65078125 0.041015625 0.06875
1 0.65546875 0.67265625 0.0544921875 0.0986328125
1 0.58359375 0.68515625 0.0396484375 0.0642578125
1 0.509375 0.69375 0.0560546875 0.0619140625
1 0.703125 0.7 0.0595703125 0.06875
1 0.77890625 0.70625 0.041796875 0.0748046875
1 0.64140625 0.7234375 0.0609375 0.0693359375
1 0.81796875 0.7375 0.0521484375 0.0693359375
1 0.7671875 0.75625 0.050390625 0.0533203125