1 0.65078125 0.1625 0.0458984375 0.0623046875
1 0.10859375 0.1890625 0.0669921875 0.0837890625
1 0.19375 0.20078125 0.08828125 0.126953125
1 0.42890625 0.2359375 0.063671875 0.0908203125
1 0.7578125 0.25234375 0.0875 0.126953125
1 0.475 0.2984375 0.0560546875 0.096875
1 0.20625 0.29921875 0.0470703125 0.0923828125
1 0.41796875 0.3078125 0.0482421875 0.0787109375
1 0.25234375 0.31171875 0.0833984375 0.1109375
1 0.71953125 0.3203125 0.0767578125 0.0939453125
1 0.48828125 0.33671875 0.0447265625 0.0580078125
1 0.0359375 0.034375 0.034765625 0.0568359375
1 0.52890625 0.3546875 0.0609375 0.0908203125
1 0.45 0.3734375 0.0599609375 0.0787109375
1 0.49140625 0.39375 0.036328125 0.0474609375
1 0.23671875 0.3984375 0.0732421875 0.10859375
1 0.5484375 0.45234375 0.0501953125 0.0611328125
1 0.20703125 0.4625 0.044921875 0.0591796875
1 0.90859375 0.49453125 0.1134765625 0.140625
1 0.96875 0.55859375 0.058984375 0.111328125
1 0.5 0.56796875 0.0935546875 0.139453125
1 0.25703125 0.05859375 0.05 0.0728515625
1 0.77578125 0.6125 0.0958984375 0.121484375
1 0.83046875 0.6484375 0.0951171875 0.0779296875
1 0.5421875 0.65703125 0.0689453125 0.1140625
1 0.590625 0.665625 0.0564453125 0.130859375
1 0.47890625 0.68984375 0.0576171875 0.0861328125
1 0.3015625 0.7015625 0.1029296875 0.15390625
1 0.878125 0.734375 0.1087890625 0.121484375
1 0.5546875 0.74296875 0.0904296875 0.0916015625
1 0.35546875 0.79609375 0.0576171875 0.139453125
1 0.7796875 0.84453125 0.1412109375 0.1732421875
1 0.6390625 0.87578125 0.097265625 0.157421875
1 0.69609375 0.909375 0.0857421875 0.1751953125
1 0.3625 0.92578125 0.071875 0.1484375