1 0.45859375 0.17265625 0.3015625 0.226953125
1 0.8140625 0.2796875 0.349609375 0.25859375
1 0.38359375 0.0421875 0.2265625 0.084375
1 0.5703125 0.37578125 0.2775390625 0.2146484375
1 0.16328125 0.44609375 0.279296875 0.234375
1 0.29765625 0.05703125 0.1384765625 0.0951171875
1 0.8046875 0.6015625 0.3095703125 0.2150390625
1 0.13984375 0.61328125 0.1044921875 0.1416015625
1 0.26328125 0.621875 0.2142578125 0.1693359375
1 0.94609375 0.625 0.1078125 0.1875
1 0.51015625 0.6515625 0.2416015625 0.2029296875
1 0.3890625 0.67734375 0.1689453125 0.1458984375
1 0.68125 0.67890625 0.3220703125 0.2353515625
1 0.50546875 0.84140625 0.211328125 0.1646484375
1 0.8625 0.88203125 0.23046875 0.1666015625
1 0.6453125 0.88359375 0.2154296875 0.1603515625