1 0.65390625 0.38359375 0.1765625 0.2982421875
1 0.2125 0.38359375 0.178515625 0.291796875
1 0.5046875 0.38515625 0.18515625 0.3046875
1 0.109375 0.58203125 0.21875 0.2890625
1 0.71015625 0.68984375 0.1390625 0.2927734375
1 0.3625 0.703125 0.244140625 0.3251953125
1 0.6015625 0.73515625 0.2189453125 0.34375
1 0.4484375 0.82890625 0.24375 0.2958984375
1 0.18515625 0.83828125 0.2359375 0.3234375
1 0.4453125 0.93828125 0.25625 0.1234375
1 0.68359375 0.96796875 0.2015625 0.0640625
1 0.59296875 0.1421875 0.2421875 0.284375
1 0.9046875 0.14453125 0.172265625 0.269921875
1 0.3390625 0.31953125 0.18515625 0.3021484375
1 0.8328125 0.3625 0.240234375 0.3400390625