1 0.646875 0.378125 0.178125 0.17421875
1 0.81171875 0.38984375 0.1603515625 0.1419921875
1 0.31640625 0.41171875 0.2044921875 0.1951171875
1 0.5796875 0.46328125 0.16015625 0.1423828125
1 0.2015625 0.49296875 0.1685546875 0.1478515625
1 0.88671875 0.5234375 0.148046875 0.1662109375
1 0.73984375 0.5453125 0.182421875 0.17265625
1 0.421875 0.553125 0.19921875 0.1880859375
1 0.23671875 0.60703125 0.1677734375 0.1865234375
1 0.9015625 0.625 0.1275390625 0.1216796875
1 0.078125 0.63203125 0.15625 0.1890625
1 0.6296875 0.64140625 0.127734375 0.1638671875
1 0.78203125 0.675 0.1638671875 0.15
1 0.51796875 0.71015625 0.1982421875 0.2072265625
1 0.178125 0.7203125 0.1724609375 0.17109375
1 0.3484375 0.73203125 0.19609375 0.2009765625
1 0.66171875 0.76484375 0.1296875 0.1361328125
1 0.16171875 0.81171875 0.1236328125 0.0947265625
1 0.29296875 0.83828125 0.153125 0.136328125
1 0.55703125 0.84296875 0.1111328125 0.104296875
1 0.43984375 0.853125 0.159375 0.159375
1 0.84140625 0.153125 0.19375 0.2029296875
1 0.95234375 0.1875 0.0953125 0.16875
1 0.696875 0.24296875 0.1994140625 0.1796875
1 0.8734375 0.28359375 0.18984375 0.173046875
1 0.478125 0.3234375 0.2087890625 0.2099609375