1 0.65078125 0.1625 0.0447265625 0.0599609375
1 0.10859375 0.1890625 0.0736328125 0.0876953125
1 0.19375 0.20078125 0.096484375 0.132421875
1 0.42890625 0.2359375 0.071875 0.0962890625
1 0.7578125 0.25234375 0.08125 0.1234375
1 0.475 0.2984375 0.0498046875 0.094140625
1 0.20625 0.29921875 0.0494140625 0.0927734375
1 0.41796875 0.3078125 0.0455078125 0.0783203125
1 0.25234375 0.31171875 0.0740234375 0.1046875
1 0.71953125 0.3203125 0.0701171875 0.0900390625
1 0.48828125 0.33671875 0.0423828125 0.0576171875
1 0.0359375 0.034375 0.034375 0.0564453125
1 0.52890625 0.3546875 0.067578125 0.0943359375
1 0.45 0.3734375 0.0591796875 0.0783203125
1 0.49140625 0.39375 0.038671875 0.0494140625
1 0.23671875 0.3984375 0.0638671875 0.103125
1 0.5484375 0.45234375 0.0505859375 0.0615234375
1 0.20703125 0.4625 0.0453125 0.0595703125
1 0.90859375 0.49453125 0.1115234375 0.140625
1 0.96796875 0.5578125 0.0640625 0.115625
1 0.5 0.56796875 0.0876953125 0.1375
1 0.25703125 0.05859375 0.0515625 0.0736328125
1 0.77578125 0.6125 0.0955078125 0.11953125
1 0.83046875 0.6484375 0.0958984375 0.0787109375
1 0.5421875 0.65703125 0.0787109375 0.119921875
1 0.590625 0.665625 0.0439453125 0.128515625
1 0.47890625 0.68984375 0.0611328125 0.0888671875
1 0.3015625 0.7015625 0.1095703125 0.158984375
1 0.878125 0.734375 0.0994140625 0.11328125
1 0.5546875 0.74296875 0.0814453125 0.0826171875
1 0.35546875 0.79609375 0.0572265625 0.139453125
1 0.7796875 0.84453125 0.1306640625 0.1646484375
1 0.6390625 0.87578125 0.099609375 0.1578125
1 0.69609375 0.909375 0.0732421875 0.1716796875
1 0.36328125 0.925 0.0765625 0.15