1 0.646875 0.378125 0.175 0.16953125
1 0.81171875 0.38984375 0.1611328125 0.1447265625
1 0.31640625 0.41171875 0.2072265625 0.1982421875
1 0.5796875 0.46328125 0.153125 0.1330078125
1 0.2015625 0.49296875 0.1681640625 0.1458984375
1 0.88671875 0.5234375 0.157421875 0.1751953125
1 0.73984375 0.5453125 0.19375 0.18515625
1 0.421875 0.553125 0.209765625 0.2005859375
1 0.23671875 0.60703125 0.1708984375 0.1896484375
1 0.9015625 0.625 0.1275390625 0.1216796875
1 0.078125 0.6328125 0.15625 0.1875
1 0.6296875 0.64140625 0.133984375 0.1677734375
1 0.78203125 0.675 0.1798828125 0.168359375
1 0.51796875 0.71015625 0.1853515625 0.1947265625
1 0.178125 0.7203125 0.1564453125 0.153125
1 0.3484375 0.73203125 0.1875 0.1927734375
1 0.66171875 0.76484375 0.1390625 0.1451171875
1 0.16171875 0.81171875 0.1205078125 0.0892578125
1 0.29296875 0.83828125 0.154296875 0.1375
1 0.55703125 0.84296875 0.1111328125 0.104296875
1 0.43984375 0.853125 0.1609375 0.16171875
1 0.84140625 0.153125 0.178125 0.1876953125
1 0.953125 0.1875 0.09375 0.165625
1 0.696875 0.24296875 0.2091796875 0.191796875
1 0.8734375 0.28359375 0.18125 0.1625
1 0.478125 0.3234375 0.2087890625 0.2099609375