1 0.69921875 0.6296875 0.0833984375 0.05390625
1 0.47265625 0.6359375 0.0728515625 0.0462890625
1 0.4171875 0.64296875 0.07265625 0.054296875
1 0.25625 0.065625 0.0505859375 0.033984375
1 0.7390625 0.6625 0.1126953125 0.0873046875
1 0.63828125 0.66640625 0.0802734375 0.0396484375
1 0.39765625 0.696875 0.139453125 0.0875
1 0.35 0.7265625 0.1126953125 0.0818359375
1 0.5375 0.74921875 0.10078125 0.0791015625
1 0.671875 0.753125 0.046484375 0.05
1 0.02265625 0.07734375 0.0453125 0.0421875
1 0.45703125 0.7859375 0.09375 0.06875
1 0.32109375 0.18359375 0.076953125 0.0482421875
1 0.40234375 0.26015625 0.0666015625 0.0396484375
1 0.48984375 0.26796875 0.083203125 0.05
1 0.375 0.2921875 0.074609375 0.0404296875
1 0.54765625 0.36953125 0.095703125 0.065625
1 0.3390625 0.371875 0.074609375 0.0650390625
1 0.55546875 0.428125 0.08125 0.06171875
1 0.35 0.4546875 0.08203125 0.0658203125
1 0.60078125 0.48046875 0.063671875 0.0517578125
1 0.41640625 0.49296875 0.0923828125 0.05625
1 0.6640625 0.496875 0.1130859375 0.0875
1 0.5734375 0.51640625 0.0814453125 0.0541015625
1 0.56640625 0.56796875 0.1134765625 0.0771484375
1 0.46328125 0.57421875 0.1009765625 0.066796875
1 0.66171875 0.58203125 0.0986328125 0.076171875