1 0.73515625 0.03671875 0.2828125 0.0734375
1 0.3796875 0.39609375 0.2158203125 0.084375
1 0.73203125 0.4125 0.3640625 0.283984375
1 0.3140625 0.5265625 0.328515625 0.26015625
1 0.753125 0.559375 0.2712890625 0.1470703125
1 0.096875 0.56875 0.19375 0.23125
1 0.45703125 0.66171875 0.276171875 0.242578125
1 0.5875 0.71875 0.2380859375 0.228515625
1 0.8484375 0.7359375 0.303125 0.25625
1 0.3328125 0.8078125 0.308984375 0.2412109375
1 0.11875 0.82265625 0.2375 0.2421875
1 0.9625 0.82421875 0.075 0.1890625
1 0.64296875 0.89296875 0.3109375 0.2140625
1 0.56875 0.13515625 0.3216796875 0.2580078125