1 0.73515625 0.040625 0.2859375 0.08125
1 0.3796875 0.39609375 0.2185546875 0.089453125
1 0.73203125 0.4125 0.34375 0.253125
1 0.3140625 0.5265625 0.319140625 0.246484375
1 0.753125 0.559375 0.2744140625 0.1568359375
1 0.09921875 0.56875 0.1984375 0.2375
1 0.45703125 0.66171875 0.267578125 0.233203125
1 0.5875 0.71875 0.2470703125 0.2375
1 0.85078125 0.7359375 0.2984375 0.24375
1 0.3328125 0.8078125 0.303125 0.2341796875
1 0.115625 0.821875 0.23125 0.23125
1 0.96328125 0.82421875 0.0734375 0.1890625
1 0.6421875 0.890625 0.31875 0.21875
1 0.56875 0.13515625 0.3193359375 0.2552734375