1 0.56875 0.58203125 0.077734375 0.10625
1 0.50703125 0.590625 0.0765625 0.131640625
1 0.01796875 0.5921875 0.0359375 0.1375
1 0.39453125 0.61875 0.0771484375 0.124609375
1 0.5984375 0.62109375 0.0568359375 0.0708984375
1 0.45625 0.6328125 0.08125 0.1189453125
1 0.359375 0.646875 0.06953125 0.1119140625
1 0.54765625 0.66640625 0.0419921875 0.103125
1 0.034375 0.67734375 0.06875 0.1390625
1 0.5015625 0.6921875 0.0904296875 0.125390625
1 0.38046875 0.72578125 0.083203125 0.1138671875
1 0.4453125 0.7375 0.075 0.1091796875
1 0.4875 0.78828125 0.059765625 0.086328125
1 0.4421875 0.825 0.059375 0.102734375
1 0.3875 0.84765625 0.078125 0.1263671875
1 0.43359375 0.87890625 0.0625 0.0548828125
1 0.08046875 0.178125 0.08125 0.124609375
1 0.0578125 0.27109375 0.053515625 0.1046875
1 0.40859375 0.38984375 0.0517578125 0.05625
1 0.6703125 0.38984375 0.0787109375 0.1240234375
1 0.50546875 0.40390625 0.084375 0.1296875
1 0.4296875 0.43203125 0.0689453125 0.1083984375
1 0.62265625 0.46015625 0.080078125 0.133203125
1 0.7 0.46328125 0.0662109375 0.1015625
1 0.55234375 0.47734375 0.083203125 0.123828125
1 0.38046875 0.5109375 0.0708984375 0.121484375
1 0.0546875 0.528125 0.0814453125 0.1408203125
1 0.45078125 0.53125 0.0822265625 0.1130859375
1 0.6296875 0.5625 0.0720703125 0.1001953125