1 0.3453125 0.5953125 0.1275390625 0.146484375
1 0.63671875 0.60546875 0.176953125 0.2228515625
1 0.5015625 0.67265625 0.162890625 0.201953125
1 0.06015625 0.7296875 0.089453125 0.1560546875
1 0.6390625 0.765625 0.1744140625 0.196875
1 0.34140625 0.7734375 0.1677734375 0.19765625
1 0.459375 0.8296875 0.16171875 0.18515625
1 0.2296875 0.8375 0.112109375 0.1681640625
1 0.04453125 0.85546875 0.059375 0.104296875
1 0.3046875 0.91015625 0.15234375 0.1796875
1 0.60390625 0.28359375 0.1521484375 0.19375
1 0.484375 0.309375 0.1091796875 0.137890625
1 0.51171875 0.365625 0.1294921875 0.166015625
1 0.5828125 0.42265625 0.153125 0.1953125
1 0.31640625 0.425 0.115625 0.1345703125
1 0.70625 0.4796875 0.125390625 0.18515625
1 0.4109375 0.5078125 0.1623046875 0.2193359375