1 0.671875 0.16796875 0.05703125 0.0798828125
1 0.61796875 0.221875 0.095703125 0.12578125
1 0.690625 0.2671875 0.0818359375 0.1318359375
1 0.559375 0.28359375 0.0970703125 0.1322265625
1 0.35859375 0.30625 0.1203125 0.16328125
1 0.46640625 0.31328125 0.1171875 0.1677734375
1 0.6546875 0.328125 0.099609375 0.1380859375
1 0.7125 0.37890625 0.0775390625 0.1208984375
1 0.575 0.3859375 0.11328125 0.1404296875
1 0.41171875 0.43203125 0.103125 0.160546875
1 0.7265625 0.4375 0.0783203125 0.112890625
1 0.4984375 0.43828125 0.1033203125 0.1390625
1 0.67421875 0.475 0.08125 0.1154296875
1 0.6328125 0.5203125 0.10234375 0.158984375
1 0.7890625 0.52734375 0.096484375 0.1205078125
1 0.4546875 0.54375 0.10390625 0.130859375
1 0.54375 0.56328125 0.108984375 0.155078125
1 0.3859375 0.56484375 0.0873046875 0.1611328125
1 0.67265625 0.609375 0.0859375 0.118359375
1 0.78125 0.61171875 0.1181640625 0.1572265625
1 0.3609375 0.640625 0.0587890625 0.09296875
1 0.47734375 0.6578125 0.094921875 0.1439453125
1 0.4203125 0.68359375 0.081640625 0.110546875
1 0.5546875 0.6875 0.1037109375 0.14453125
1 0.79140625 0.690625 0.06875 0.06796875
1 0.62421875 0.6921875 0.084375 0.13984375
1 0.73046875 0.72421875 0.1015625 0.1419921875
1 0.515625 0.74296875 0.094140625 0.1142578125
1 0.59296875 0.76484375 0.0828125 0.0916015625
1 0.6625 0.76484375 0.0943359375 0.135546875
1 0.8984375 0.7828125 0.1255859375 0.1724609375
1 0.7484375 0.81015625 0.0970703125 0.1240234375
1 0.6640625 0.83671875 0.0869140625 0.0978515625
1 0.7421875 0.88515625 0.0900390625 0.0984375