1 0.50546875 0.31953125 0.0546875 0.0484375
1 0.94765625 0.33046875 0.070703125 0.0697265625
1 0.8546875 0.33828125 0.090625 0.0978515625
1 0.36796875 0.3421875 0.075 0.096875
1 0.7828125 0.34453125 0.080859375 0.0828125
1 0.13203125 0.3640625 0.0484375 0.071875
1 0.4296875 0.3734375 0.0630859375 0.1130859375
1 0.57421875 0.3765625 0.0828125 0.0943359375
1 0.68515625 0.38671875 0.064453125 0.076171875
1 0.778125 0.3953125 0.07421875 0.05390625
1 0.33046875 0.41171875 0.080078125 0.1107421875
1 0.82890625 0.4171875 0.0634765625 0.0900390625
1 0.6109375 0.4265625 0.07734375 0.10234375
1 0.3921875 0.43359375 0.078515625 0.0796875
1 0.9671875 0.446875 0.049609375 0.100390625
1 0.721875 0.45078125 0.059765625 0.0705078125
1 0.7921875 0.45546875 0.062109375 0.0701171875
1 0.5515625 0.4671875 0.053515625 0.102734375
1 0.665625 0.48046875 0.077734375 0.0919921875
1 0.21640625 0.48203125 0.067578125 0.0865234375
1 0.01953125 0.484375 0.0390625 0.1125
1 0.5875 0.490625 0.0439453125 0.05703125
1 0.840625 0.49921875 0.0716796875 0.082421875
1 0.26796875 0.50859375 0.066796875 0.0916015625
1 0.74921875 0.509375 0.0734375 0.081640625
1 0.91171875 0.528125 0.055078125 0.0658203125
1 0.22421875 0.55234375 0.0611328125 0.0701171875
1 0.07109375 0.55234375 0.0677734375 0.0884765625
1 0.484375 0.5546875 0.077734375 0.0962890625
1 0.54453125 0.5578125 0.0546875 0.08125
1 0.66171875 0.5609375 0.039453125 0.071875
1 0.9859375 0.5609375 0.028125 0.075
1 0.175 0.590625 0.062890625 0.080859375
1 0.28515625 0.596875 0.060546875 0.081640625
1 0.128125 0.60078125 0.0658203125 0.0865234375
1 0.24296875 0.61640625 0.0578125 0.073828125
1 0.07265625 0.61953125 0.0513671875 0.0701171875
1 0.48828125 0.62890625 0.0669921875 0.0896484375
1 0.97890625 0.6296875 0.0421875 0.078125
1 0.28203125 0.66171875 0.0640625 0.0701171875
1 0.4921875 0.83359375 0.0310546875 0.0388671875
1 0.53984375 0.84765625 0.0328125 0.0419921875
1 0.51484375 0.88828125 0.026171875 0.0365234375
1 0.6578125 0.92265625 0.0287109375 0.0361328125
1 0.50546875 0.92421875 0.021875 0.0361328125
1 0.4734375 0.9703125 0.022265625 0.0345703125
1 0.69453125 0.971875 0.028125 0.0345703125
1 0.67421875 0.9828125 0.0328125 0.034375
1 0.984375 0.98515625 0.03125 0.0296875