1 0.4859375 0.16953125 0.0775390625 0.1115234375
1 0.70546875 0.17890625 0.0669921875 0.1
1 0.553125 0.2078125 0.066015625 0.1001953125
1 0.74453125 0.2359375 0.0638671875 0.1037109375
1 0.396875 0.25390625 0.065625 0.1125
1 0.49921875 0.2671875 0.0634765625 0.093359375
1 0.80390625 0.26796875 0.0732421875 0.1083984375
1 0.4578125 0.290625 0.0623046875 0.099609375
1 0.571875 0.303125 0.0693359375 0.115234375
1 0.634375 0.303125 0.0748046875 0.1037109375
1 0.26875 0.31328125 0.0623046875 0.1080078125
1 0.51796875 0.340625 0.0705078125 0.10546875
1 0.32734375 0.3484375 0.075 0.1033203125
1 0.63203125 0.36328125 0.067578125 0.0697265625
1 0.409375 0.3671875 0.078125 0.1064453125
1 0.46796875 0.38203125 0.0611328125 0.096875
1 0.37421875 0.3828125 0.041796875 0.093359375
1 0.2609375 0.41640625 0.0744140625 0.0888671875
1 0.45390625 0.5515625 0.0615234375 0.0845703125
1 0.56171875 0.58984375 0.0611328125 0.0833984375
1 0.60078125 0.61796875 0.0509765625 0.0771484375
1 0.83515625 0.646875 0.023828125 0.06875
1 0.51875 0.66640625 0.0470703125 0.0767578125
1 0.575 0.675 0.046875 0.074609375
1 0.8 0.68125 0.0529296875 0.075
1 0.54296875 0.7078125 0.0552734375 0.07734375
1 0.784375 0.73671875 0.065234375 0.0853515625
1 0.3640625 0.78984375 0.06015625 0.0865234375
1 0.415625 0.8203125 0.05703125 0.0869140625
1 0.46328125 0.8265625 0.054296875 0.0837890625
1 0.36328125 0.8515625 0.0611328125 0.0595703125
1 0.4078125 0.86328125 0.0494140625 0.046875
1 0.7953125 0.13828125 0.065625 0.1080078125