5 0.54375 0.21640625 0.290625 0.4328125
5 0.128125 0.390625 0.25625 0.484375
5 0.921875 0.44453125 0.15625 0.4421875
5 0.6640625 0.47578125 0.312109375 0.479296875
5 0.5 0.5 1 1
5 0.35625 0.5296875 0.2994140625 0.49140625
5 0.9265625 0.05859375 0.146875 0.1171875
5 0.575 0.73828125 0.240625 0.4228515625
5 0.3828125 0.078125 0.2318359375 0.1501953125
5 0.15625 0.7953125 0.290625 0.409375
5 0.815625 0.7953125 0.28125 0.409375
5 0.3734375 0.9265625 0.21875 0.146875
5 0.95390625 0.94765625 0.089453125 0.0984375
5 0.74453125 0.1125 0.240625 0.2224609375