5 0.54375 0.2171875 0.296875 0.434375
5 0.13046875 0.39140625 0.2609375 0.4859375
5 0.92421875 0.4453125 0.1515625 0.4380859375
5 0.6640625 0.47578125 0.32734375 0.486328125
5 0.5 0.5 1 1
5 0.35625 0.5296875 0.2650390625 0.477734375
5 0.92734375 0.05859375 0.1453125 0.1171875
5 0.575 0.73828125 0.25546875 0.4294921875
5 0.3828125 0.078125 0.2306640625 0.1470703125
5 0.15703125 0.796875 0.2640625 0.3943359375
5 0.815625 0.79375 0.296875 0.4125
5 0.3734375 0.9265625 0.21875 0.146875
5 0.95390625 0.94765625 0.090625 0.098828125
5 0.74453125 0.1125 0.238671875 0.2189453125