1 0.22734375 0.215625 0.1896484375 0.1712890625
1 0.53828125 0.26171875 0.154296875 0.148046875
1 0.40078125 0.2921875 0.180078125 0.177734375
1 0.26328125 0.35078125 0.1982421875 0.184375
1 0.61953125 0.39140625 0.133203125 0.160546875
1 0.525 0.40546875 0.18203125 0.1705078125
1 0.78984375 0.43984375 0.1673828125 0.1609375
1 0.378125 0.48515625 0.1748046875 0.1740234375
1 0.71484375 0.53359375 0.1513671875 0.160546875
1 0.834375 0.53984375 0.1439453125 0.155078125
1 0.28515625 0.61171875 0.1791015625 0.189453125
1 0.3890625 0.61640625 0.1494140625 0.1509765625
1 0.56640625 0.640625 0.185546875 0.1779296875
1 0.72578125 0.66328125 0.1419921875 0.1265625
1 0.4203125 0.69609375 0.184375 0.155078125
1 0.6390625 0.771875 0.09765625 0.1650390625
1 0.55703125 0.7765625 0.1826171875 0.168359375
1 0.759375 0.78828125 0.1712890625 0.1701171875
1 0.44296875 0.80390625 0.123828125 0.1134765625
1 0.56015625 0.9171875 0.1796875 0.165625