1 0.22734375 0.215625 0.1986328125 0.1814453125
1 0.53828125 0.26171875 0.158203125 0.153125
1 0.40078125 0.2921875 0.1875 0.184765625
1 0.26328125 0.35078125 0.1986328125 0.185546875
1 0.61953125 0.39140625 0.1421875 0.166796875
1 0.525 0.40546875 0.184375 0.1728515625
1 0.78984375 0.43984375 0.1615234375 0.1546875
1 0.378125 0.48515625 0.1630859375 0.1642578125
1 0.71484375 0.53359375 0.1396484375 0.151171875
1 0.834375 0.53984375 0.1501953125 0.161328125
1 0.28515625 0.61171875 0.1791015625 0.189453125
1 0.3890625 0.61640625 0.1380859375 0.1396484375
1 0.56640625 0.640625 0.173828125 0.1658203125
1 0.72578125 0.66328125 0.1544921875 0.141796875
1 0.4203125 0.69609375 0.187890625 0.159375
1 0.6390625 0.771875 0.109375 0.1693359375
1 0.55703125 0.7765625 0.1763671875 0.159765625
1 0.759375 0.78828125 0.1681640625 0.1666015625
1 0.44296875 0.80390625 0.1234375 0.1115234375
1 0.56015625 0.91640625 0.1828125 0.1671875