1 0.46171875 0.5625 0.1486328125 0.1501953125
1 0.7015625 0.56640625 0.121484375 0.0822265625
1 0.58515625 0.571875 0.146875 0.1224609375
1 0.59453125 0.640625 0.1302734375 0.0693359375
1 0.47734375 0.6796875 0.0853515625 0.068359375
1 0.39453125 0.69296875 0.146875 0.1490234375
1 0.46328125 0.74609375 0.123828125 0.1125
1 0.61484375 0.79296875 0.076171875 0.084375
1 0.690625 0.8 0.12421875 0.137890625
1 0.55234375 0.80078125 0.109375 0.1236328125
1 0.4859375 0.86796875 0.118359375 0.1166015625
1 0.609375 0.8796875 0.128125 0.121484375
1 0.51640625 0.91640625 0.1076171875 0.0765625
1 0.784375 0.93515625 0.13125 0.1296875
1 0.41484375 0.09453125 0.1521484375 0.125
1 0.19921875 0.0203125 0.1140625 0.040625
1 0.2671875 0.18359375 0.1443359375 0.1447265625
1 0.3828125 0.228125 0.146875 0.1501953125
1 0.2109375 0.25234375 0.1443359375 0.1486328125
1 0.30390625 0.2890625 0.076171875 0.075
1 0.26484375 0.0296875 0.0796875 0.059375
1 0.48125 0.30703125 0.1314453125 0.145703125
1 0.3859375 0.31640625 0.096484375 0.0697265625
1 0.25390625 0.340625 0.1451171875 0.141015625
1 0.34375 0.3796875 0.134375 0.12109375
1 0.6921875 0.4 0.140234375 0.109765625
1 0.43046875 0.415625 0.138671875 0.1337890625
1 0.7609375 0.4359375 0.04375 0.08515625
1 0.53984375 0.46953125 0.129296875 0.148828125
1 0.69140625 0.484375 0.157421875 0.144140625