1 0.1796875 0.36953125 0.09140625 0.0958984375
1 0.05625 0.403125 0.1125 0.13125
1 0.66015625 0.45 0.0642578125 0.0755859375
1 0.57421875 0.4765625 0.125 0.168359375
1 0.4703125 0.49296875 0.1123046875 0.1802734375
1 0.68203125 0.49453125 0.1017578125 0.128125
1 0.21640625 0.5140625 0.1142578125 0.15625
1 0.7359375 0.525 0.05859375 0.0751953125
1 0.31953125 0.575 0.117578125 0.15078125
1 0.7640625 0.6234375 0.0998046875 0.1693359375
1 0.6734375 0.62890625 0.1099609375 0.1455078125
1 0.521875 0.63203125 0.1404296875 0.1771484375
1 0.42421875 0.64296875 0.130078125 0.1798828125
1 0.25234375 0.64453125 0.1259765625 0.1703125
1 0.02890625 0.06875 0.0578125 0.1375
1 0.6 0.69140625 0.141015625 0.1734375
1 0.35390625 0.7140625 0.129296875 0.16015625
1 0.69453125 0.74296875 0.120703125 0.171875
1 0.49609375 0.77109375 0.123046875 0.155078125
1 0.59453125 0.825 0.1142578125 0.14453125
1 0.38984375 0.1640625 0.1103515625 0.121875
1 0.10234375 0.16640625 0.116796875 0.1603515625
1 0.31171875 0.2375 0.1265625 0.1751953125
1 0.45 0.2515625 0.12578125 0.1724609375
1 0.0375 0.25546875 0.0724609375 0.1697265625
1 0.51953125 0.34296875 0.1517578125 0.126953125