1 0.63359375 0.0296875 0.1921875 0.059375
1 0.3703125 0.45078125 0.18359375 0.2353515625
1 0.5421875 0.4546875 0.17265625 0.194140625
1 0.8078125 0.5328125 0.249609375 0.299609375
1 0.0796875 0.540625 0.08515625 0.1533203125
1 0.1828125 0.559375 0.17734375 0.19375
1 0.60234375 0.6078125 0.2396484375 0.30234375
1 0.3171875 0.6328125 0.155859375 0.21484375
1 0.4484375 0.66328125 0.1814453125 0.239453125
1 0.22109375 0.68125 0.1328125 0.141015625
1 0.3140625 0.74375 0.124609375 0.09921875
1 0.3765625 0.77265625 0.109375 0.107421875
1 0.56796875 0.790625 0.1826171875 0.1849609375