1 0.471875 0.521875 0.100390625 0.099609375
1 0.68984375 0.5234375 0.0888671875 0.1005859375
1 0.6234375 0.54296875 0.112890625 0.116796875
1 0.790625 0.559375 0.0841796875 0.1056640625
1 0.871875 0.5609375 0.115234375 0.1181640625
1 0.71953125 0.571875 0.0927734375 0.103125
1 0.384375 0.57734375 0.1162109375 0.1021484375
1 0.29921875 0.5984375 0.082421875 0.1154296875
1 0.228125 0.59921875 0.1001953125 0.1080078125
1 0.64296875 0.60078125 0.080078125 0.075
1 0.50703125 0.6078125 0.095703125 0.11015625
1 0.571875 0.63359375 0.08046875 0.1021484375
1 0.134375 0.634375 0.11796875 0.1189453125
1 0.85703125 0.63671875 0.101171875 0.0794921875
1 0.63125 0.64296875 0.0630859375 0.042578125
1 0.3609375 0.66171875 0.112109375 0.1197265625
1 0.73203125 0.6640625 0.114453125 0.109765625
1 0.90234375 0.6703125 0.0677734375 0.0619140625
1 0.4921875 0.6875 0.109375 0.1033203125
1 0.19609375 0.69453125 0.0921875 0.1109375
1 0.27734375 0.703125 0.1 0.1162109375
1 0.89375 0.73046875 0.084765625 0.0875
1 0.959375 0.73046875 0.08125 0.1171875
1 0.4078125 0.73515625 0.11875 0.111328125
1 0.15 0.74609375 0.08046875 0.0736328125
1 0.2234375 0.75234375 0.069140625 0.061328125
1 0.05234375 0.79765625 0.0986328125 0.1015625
1 0.0953125 0.81796875 0.1033203125 0.11875
1 0.2078125 0.82890625 0.083984375 0.1044921875
1 0.92265625 0.871875 0.1083984375 0.1220703125
1 0.9859375 0.93828125 0.028125 0.1109375
1 0.9046875 0.196875 0.1060546875 0.0998046875
1 0.671875 0.209375 0.103515625 0.0681640625
1 0.85078125 0.246875 0.1076171875 0.10078125
1 0.771875 0.25625 0.10078125 0.1068359375
1 0.6890625 0.265625 0.1125 0.1
1 0.853125 0.34921875 0.118359375 0.1263671875
1 0.7671875 0.3515625 0.09375 0.099609375
1 0.93125 0.3515625 0.097265625 0.12265625
1 0.6984375 0.3640625 0.1064453125 0.11484375
1 0.48046875 0.43203125 0.111328125 0.110546875
1 0.6453125 0.4359375 0.0908203125 0.1060546875
1 0.83125 0.43671875 0.10546875 0.0927734375
1 0.7375 0.43828125 0.112890625 0.104296875
1 0.91015625 0.465625 0.1201171875 0.118359375
1 0.5609375 0.48125 0.1029296875 0.10078125