1 0.07421875 0.4171875 0.117578125 0.1818359375
1 0.43046875 0.440625 0.095703125 0.14375
1 0.66796875 0.45234375 0.1455078125 0.1884765625
1 0.803125 0.475 0.1439453125 0.2095703125
1 0.15703125 0.48515625 0.1296875 0.1853515625
1 0.340625 0.49296875 0.115234375 0.1884765625
1 0.53203125 0.528125 0.1 0.147265625
1 0.43125 0.5328125 0.1064453125 0.12109375
1 0.0828125 0.53984375 0.112890625 0.1353515625
1 0.7359375 0.6171875 0.1412109375 0.1900390625
1 0.6125 0.62265625 0.125390625 0.1861328125
1 0.290625 0.62421875 0.1095703125 0.161328125
1 0.428125 0.64609375 0.1185546875 0.176171875
1 0.18828125 0.65703125 0.132421875 0.1916015625
1 0.94453125 0.66796875 0.1109375 0.1796875
1 0.48828125 0.671875 0.125 0.1779296875
1 0.8703125 0.6984375 0.115234375 0.140234375
1 0.546875 0.71328125 0.099609375 0.1365234375
1 0.84453125 0.746875 0.116796875 0.162890625
1 0.4671875 0.1109375 0.0599609375 0.0693359375
1 0.19921875 0.18359375 0.142578125 0.1833984375
1 0.05625 0.20625 0.1125 0.215625
1 0.390625 0.26484375 0.121875 0.1826171875
1 0.65546875 0.29296875 0.141796875 0.198828125