1 0.51171875 0.29296875 0.104296875 0.1484375
1 0.31171875 0.3015625 0.076953125 0.096875
1 0.80078125 0.3109375 0.164453125 0.1716796875
1 0.5125 0.32890625 0.08203125 0.1103515625
1 0.57734375 0.034375 0.0640625 0.06875
1 0.39375 0.3515625 0.169140625 0.2
1 0.70625 0.36640625 0.084765625 0.128125
1 0.5484375 0.3890625 0.105859375 0.1408203125
1 0.2828125 0.390625 0.1087890625 0.1474609375
1 0.89765625 0.39140625 0.130078125 0.1884765625
1 0.63125 0.4015625 0.0849609375 0.1337890625
1 0.965625 0.403125 0.06875 0.146875
1 0.38828125 0.04453125 0.1078125 0.0890625
1 0.4625 0.45546875 0.0908203125 0.1390625
1 0.7796875 0.459375 0.127734375 0.181640625
1 0.496875 0.046875 0.06953125 0.0681640625
1 0.54375 0.475 0.103515625 0.0880859375
1 0.68125 0.49296875 0.093359375 0.1333984375
1 0.36015625 0.50703125 0.15 0.2017578125
1 0.4859375 0.525 0.0935546875 0.1224609375
1 0.896875 0.5515625 0.1560546875 0.1900390625
1 0.97421875 0.55234375 0.0515625 0.1671875
1 0.740625 0.5625 0.1091796875 0.0748046875
1 0.59765625 0.61796875 0.14375 0.1828125
1 0.465625 0.65 0.15546875 0.1931640625
1 0.7875 0.66796875 0.1474609375 0.204296875
1 0.39375 0.6875 0.05078125 0.090234375
1 0.915625 0.6875 0.14375 0.162890625
1 0.646875 0.70390625 0.0814453125 0.129296875
1 0.71953125 0.70390625 0.104296875 0.1857421875
1 0.5828125 0.7734375 0.131640625 0.159765625
1 0.23515625 0.07890625 0.0734375 0.116796875
1 0.965625 0.8359375 0.06875 0.14375
1 0.81171875 0.8515625 0.133203125 0.191015625
1 0.3 0.0875 0.10703125 0.155859375
1 0.6625 0.86640625 0.1154296875 0.1796875
1 0.13671875 0.09296875 0.1392578125 0.15
1 0.8859375 0.925 0.084375 0.1400390625
1 0.953125 0.9375 0.09375 0.125
1 0.72421875 0.96484375 0.1203125 0.0703125
1 0.825 0.9640625 0.09375 0.071875
1 0.59453125 0.12109375 0.084375 0.155078125
1 0.359375 0.1359375 0.1064453125 0.1498046875
1 0.09765625 0.1390625 0.0875 0.100390625
1 0.525 0.14296875 0.112109375 0.1625
1 0.2515625 0.19140625 0.112109375 0.1642578125
1 0.4359375 0.196875 0.1091796875 0.152734375
1 0.33671875 0.2125 0.108203125 0.131640625
1 0.6109375 0.26953125 0.1001953125 0.1392578125